PC	batch	Island	Sampling.Site	Language	Sampling.Date	Age	RNA.Extraction.Batch	Sequencing.pool	RIN	Mappi	Season	Gran	Bcell	CD4T	CD8T	NK	Mono	replicate	Variance
1	1.5488932950071e-23	0.000155437270404114	2.05462034583565e-09	1.09019310335376e-08	6.42406218175639e-10	0.649777689965835	0.0343243177286953	8.9793129337533e-15	0.00181566126680372	0.000200151388958028	0.000200151388958028	4.55073638544385e-06	0.220944691733752	0.389482360394084	4.25167165619666e-06	0.641941687029484	0.89928074115985	0.013271424378561	0.212386245564675
2	0.0464936450148182	1.0015574977906e-06	0.000731537348028793	0.00186661545499493	3.97628495303552e-06	0.0211962252822535	0.0865949168984773	0.292537667389598	0.155376583964763	0.0785871470144628	0.0785871470144628	1.54157051432896e-27	3.715570876068e-08	7.8535271826734e-15	0.00475595105059733	6.26497361680258e-05	1.64968317607586e-11	0.271577195306139	0.133306370211521
3	3.77205455682413e-06	7.90966285222884e-05	9.39305070371494e-06	4.50891078149973e-05	1.38913968667445e-06	7.03644636150618e-05	0.28271588496561	0.000356856478210336	0.0127783361489374	2.10073254832868e-05	2.10073254832868e-05	0.151183811605558	0.126946806895149	0.00521693267867343	0.0752022342603254	0.00162851642978375	0.0162354968305718	0.0810552379363713	0.0748048387751251
4	7.4982084653503e-07	6.69983814102932e-10	4.23817137283065e-11	2.57252186707955e-10	2.53789388949542e-11	0.423798367980787	0.221304503383346	0.00187674842281093	1.1237678698024e-07	0.000197017993794179	0.000197017993794179	0.00472255900468339	0.0366230724550317	0.000376896962140425	0.926028472507508	0.0727666869262893	9.06968774852463e-05	0.0665773182976006	0.0572432309199405
5	0.0157524120154838	2.80750797372357e-11	6.10659527591417e-10	5.97143248972729e-10	6.82341915222343e-10	0.992896298498099	0.039459146449207	0.404279736604538	0.0121823696123856	1.06577221935699e-05	1.06577221935699e-05	0.139747442482807	0.905483663162267	0.193120272690853	0.0761978314899396	0.595099369970353	6.79592617627647e-07	0.405012971530225	0.043909979687002
6	6.2135113470515e-08	0.0026068273477989	1.31527105606664e-05	3.18685756576357e-05	1.85301860918861e-07	0.126333510884508	0.143352043265046	2.40705214588657e-06	0.0157242435369405	0.000832079690475758	0.000832079690475758	0.0598945973003349	0.331224402716842	0.28214438692724	0.000393074791930959	0.35124353500283	0.354430443919451	0.148137768675689	0.0295668040357917
7	0.00191578215319708	0.00608153779365477	0.00474819139335772	0.00781347367562541	0.000306493159345645	0.832636949797451	0.600342450891005	0.0371841465653288	0.741054189499304	0.0597426016445922	0.0597426016445922	0.0624121825754025	0.578168304572015	0.999509896392461	0.0386417085858446	0.0147669088901631	6.16528335333357e-05	0.317351501999254	0.0239493752637466
8	0.254335393727431	0.275394432637975	0.012083032656996	0.0155142323418707	0.0201583247802067	0.511145346257402	0.212539372590359	0.789799876938944	0.00323627912920038	0.274817117240428	0.274817117240428	0.965872253252977	0.865243267285439	0.391576813978684	2.65177777270688e-05	0.117491989520205	0.0114080345028085	0.768664779550236	0.0224471214513749
9	0.901328788274542	7.93280428551157e-05	3.74608727459453e-07	1.74234033175806e-06	9.98394729311879e-09	6.88759182489211e-07	0.0756809149220552	0.0801200661548566	0.537859602493478	1.90476107747448e-05	1.90476107747448e-05	0.751719120646593	9.80421779155564e-07	8.13150178929588e-06	0.930030800197858	8.79710979954906e-11	0.0193829025028587	0.661580817554653	0.0209495588606699
10	0.00326579558842549	0.380329059170892	0.083905158346814	0.162824199482734	0.133480722036713	0.533620890227955	0.118653121547602	0.00910043476540133	0.323831665964484	0.466515692253126	0.466515692253126	0.584110752433206	0.00862718070614722	0.0275126913201985	0.588768559708444	0.0590393734374793	0.36382752979291	0.161345970425082	0.0188082689294713
11	0.548232537675319	0.526245359894847	0.061915647926831	0.11869580858972	0.123735171900756	0.0289853198976388	0.234918095898374	0.528997556085762	0.860615400326586	0.258730754435979	0.258730754435979	0.898872987871071	3.54327122575153e-06	0.417632889877322	0.826977237863078	0.0413965328958262	0.179060553068673	0.403411717283876	0.0131264403436531
12	0.953759504925796	0.012593868327359	0.105092532895365	0.119474552443767	0.00867129544969927	0.0234621656909126	0.0518898548418921	0.553978637747284	0.988350723426969	0.0594524371900324	0.0594524371900324	0.784271644486069	0.785799471518898	0.0178987324992973	0.430161361393043	0.0480503216837855	0.848991620035401	0.0391777665353912	0.0123452750688557
13	0.325100653300461	0.378138454039816	0.128886977818943	0.221482693126113	0.0712867606244849	0.249662021217964	0.322131390657635	0.661562573814741	0.105950466537125	0.162275456431651	0.162275456431651	0.405083339179539	0.0460362476221293	0.561608170872509	0.497071481614893	0.331624062739196	0.768336578440554	0.0782118893522717	0.0108339366310287
14	1.43827843193286e-06	0.445490991738814	0.133382712671154	0.0860445282519867	0.160926902363593	0.608868589645	0.53103174135264	3.44428515751569e-06	0.0379212368983914	0.590952000788229	0.590952000788229	0.98546208185772	0.00979193800367036	0.832239907497978	0.193211290252263	0.0186847427608131	0.536393806394074	0.0075494267052449	0.0102708409091997
15	0.320634370704346	0.0240748063346546	0.188372181285881	0.219021676306112	0.256906649256729	0.927352782391909	0.164091032896371	0.0150776629525264	0.199500031211455	0.950287540273891	0.950287540273891	0.591142492551344	0.00409001177901196	0.107643872748088	0.00121973018511481	0.803270642966077	0.191110389453926	0.479098631617445	0.00882500637067706
16	0.363473824325019	0.614801880215258	0.0636994206231337	0.116240160803086	0.104402959835983	0.877777414217836	0.283673734052687	0.557835234580785	0.11987187163249	0.439089083886129	0.439089083886129	0.653302340930292	0.0337213179555127	0.362398412008158	0.602503484510885	0.422897463856127	0.793960176532193	0.0033148272129023	0.00760190141511159
17	0.885206774366714	0.834056111886116	0.260352965322009	0.281340691448056	0.31271872837208	0.0341668468362947	0.761628102335565	0.480256313275976	0.544859077118029	0.744376287098554	0.744376287098554	0.605262685422098	0.10973139045451	0.800187333200023	0.459839504138276	0.224007178330847	0.294930775577685	0.820312184967378	0.00735331799583819
18	0.180531622609157	0.133069179464471	0.1253885621501	0.178758251688986	0.203047693815112	0.753599111902865	0.519066900394197	0.383406204961057	0.491610724015994	0.840380068703547	0.840380068703547	0.899494710926375	0.125503832042614	0.811652574456003	0.0372072872191212	0.579348678407244	0.195128814026117	0.81239467654157	0.00717065176396361
19	0.722798108268814	0.0192036761631955	0.0895833597701802	0.0773990350942787	0.0162134950598688	0.876748106113491	0.374841696990229	0.0293249541177012	0.295572506183513	0.00545951088002938	0.00545951088002938	0.857909702621075	0.810447767971256	0.316893250143035	0.288656475599124	0.995107043927187	0.416707046216384	0.88287001877523	0.00666329418308861
20	0.255533100616643	0.705735565905047	0.0254235780022067	0.0564435099477252	0.0411895399085971	0.442290377116225	0.872372736943293	0.153100911576966	0.366956122579183	0.403645306765143	0.403645306765143	0.662398263108493	0.275473587961052	0.423764641975292	0.0518169595230038	0.0898270053588788	0.553574182342282	0.946224010457596	0.00628015299886006
21	0.594645128908077	0.317365238893077	0.000264796947380515	0.0001612724373936	0.000112285315209928	0.711799819546224	0.00440508020751213	0.00283397749268969	0.529947448270899	0.501082563373133	0.501082563373133	0.790724187742968	0.656324955644612	0.97266901849753	0.425259063672153	0.633230788923424	0.908244880653553	0.00346711436294399	0.00597491940495021
22	0.878359115074285	0.847694811920943	0.529419077732118	0.668205086513805	0.475575554858859	0.124973937081317	0.511791314692236	0.0547430494301807	0.200716323535229	0.60688494005022	0.60688494005022	0.98064516774069	0.905261079428627	0.505936749368215	0.524829887560659	0.973480221854675	0.666176977040719	0.420664251209705	0.00566328958294193
23	0.842487514045799	0.0155996850367799	0.0192545024464634	0.0392402074158956	0.0427268623041982	0.0322795892854132	0.264973658808832	0.508609811893698	0.0654567230047653	0.510378714341204	0.510378714341204	0.947754742879325	0.610882568221332	0.504341744844741	0.586940012458383	0.894155509141054	0.680615919953767	0.080357019078349	0.00543582032488091
24	0.714046389389934	0.463689367927099	0.59193278577181	0.685420797652095	0.201161199109638	0.911166445950357	0.149638711976817	0.0859424586317975	0.333291428298307	0.663888354085385	0.663888354085385	0.85449921788621	0.526084228077025	0.770723335571293	0.7204628365938	0.784472405105609	0.934067223152735	0.82175670674839	0.00502655327787525
25	0.724543778844309	0.358544601503783	0.516376593479533	0.531060204417362	0.607128476027907	0.648724272919072	0.352828063932776	0.659582878667652	0.10211215447154	0.369642573149978	0.369642573149978	0.961523143932498	0.801756718379827	0.748466587092419	0.973420781994302	0.0149812099061746	0.697589811711986	0.500737513396725	0.00484780984303774
26	0.954367203655405	0.236893778729338	0.163859784194236	0.121607931682407	0.175566850850348	0.138547190147407	0.0739271961922358	0.91354051434882	0.332550176458134	0.152303659566605	0.152303659566605	0.847884446103368	0.619734657236904	0.457862488828087	0.797538291935121	0.791414572769295	0.87201782562644	0.167193749475564	0.00467773327386157
27	0.84635672873114	0.82837178668438	0.555885370750733	0.52912763261678	0.707903603682675	0.143799344421191	0.65164668898069	0.352262979007672	0.164251878833187	0.556366233374138	0.556366233374138	0.962368857608192	0.64977740190992	0.57764902108177	0.115777203645537	0.442201955175041	0.814329184151034	0.984120850542004	0.00459613982553864
28	0.955624611194384	0.996571629434491	0.049707655642443	0.0249421946675201	0.0958375834998364	0.478644695258058	0.783876550294292	0.990446512052704	0.595067265896112	0.934148060161464	0.934148060161464	0.805294920643533	0.574119562161732	0.5098627832997	0.689679991959067	0.240278606539846	0.825322213464303	0.123993086750864	0.00446025766487007
29	0.720890806770797	0.978699333247653	0.467857377175903	0.527686035486672	0.649443460155655	0.858055550049802	0.241021967763672	0.457124561012298	0.6622906838542	0.907443204919174	0.907443204919174	0.459568972649519	0.203730667836836	0.757358275125318	0.368982068479399	0.45247529447098	0.618339888245389	0.027298240793768	0.00439818562087311
30	0.495719116919355	0.613607293463926	0.799434509591199	0.828610107749567	0.879221881394481	0.0877703785145383	0.937518695790761	0.374366089843869	0.493057862906775	0.792176858122498	0.792176858122498	0.833070341262798	0.590820956748121	0.942698336376003	0.822078925459666	0.285045061237673	0.973139230038722	0.0902135094620257	0.00420155824116884
31	0.737619201668543	0.734836729354886	0.0512305344146748	0.0979434158871144	0.087224342090811	0.852101332451679	0.169059487937561	0.462061842130972	0.615916721566301	0.764134380012476	0.764134380012476	0.890981758021344	0.738605839865561	0.97901699402998	0.459462425777679	0.875548510992329	0.751953773706427	0.473394746390958	0.00404831804240654
32	0.933586886783984	0.743810946026226	0.211101869966314	0.267517146819814	0.224126275147015	0.310465292739202	0.232127665928567	0.0885687215659788	0.806536241413151	0.891205242678973	0.891205242678973	0.899515069294208	0.831870708085732	0.60085238863292	0.249856931404162	0.940508991024768	0.883738723399266	0.71000039261459	0.00399561533504247
33	0.799395738782665	0.943974687688177	0.523108088873782	0.644266305774348	0.559544782844198	0.217864309768145	0.686604586206073	0.882235374465258	0.757663046018546	0.967998524523324	0.967998524523324	0.793593037568531	0.900381011697627	0.770500194688827	0.915720031905682	0.160975442546291	0.97042142134404	0.729579396373495	0.00394071184386175
34	0.94093038427974	0.99251493021646	0.459150468196295	0.596337923067308	0.0336587898047414	0.84190207688137	0.384903140575816	0.287795171435248	0.0662767559701494	0.904751465562785	0.904751465562785	0.903484678069415	0.912874803076788	0.609003173307736	0.810298271668783	0.664742675786425	0.959145221026764	0.795309375967974	0.00380466169741189
35	0.657433194171847	0.905231878967977	0.849295706511733	0.92650505960129	0.821259257501822	0.420475689750613	0.112579773931228	0.681988648069706	0.700585196697307	0.655643065553182	0.655643065553182	0.977325836440596	0.809019482367863	0.292786341830639	0.197005407443651	0.312761019257408	0.930483512040899	0.612390171241326	0.00373619523623664
36	0.814806309945126	0.543337643997412	0.965129115474609	0.957741099352463	0.896104872307568	0.584533784048211	0.561186787438102	0.723284332986741	0.696286766156137	0.504677803009095	0.504677803009095	0.78140024601548	0.848283412235443	0.636641936473003	0.900975558197288	0.760713081111495	0.785848949330467	0.653188912675983	0.00369814902688746
37	0.985025201070542	0.884393286362938	0.966919554130363	0.989791005039816	0.982337182896433	0.155167388556361	0.0126458517216521	0.475047024385638	0.818253913508794	0.620915134612428	0.620915134612428	0.624461513698864	0.511129269318439	0.797340513623436	0.275187727272562	0.530586905178577	0.852048911430133	0.766999599885185	0.00362752896344878
38	0.915386886312034	0.917537338176277	0.961319354802586	0.984010112123153	0.541323954190553	0.773859164662302	0.0976742626568183	0.221980742714361	0.50853659524796	0.753503066020305	0.753503066020305	0.841983259824892	0.79874902468904	0.804837278399043	0.531958334237615	0.923956607170478	0.899395426100228	0.936594792682786	0.00358378819230971
39	0.971985477923046	0.851254490278408	0.36563095133205	0.354194641572547	0.162418997803344	0.758005978732207	0.222765762484374	0.209183051036755	0.749183578905148	0.868264345181418	0.868264345181418	0.802725184655696	0.732315540223806	0.915994791438755	0.324055101319175	0.530232396771434	0.993159388788462	0.968836502972044	0.00345540200371634
40	0.791910196039943	0.809146534877937	0.930717138134566	0.878075510981501	0.93822328476944	0.555701927564266	0.0737010028302546	0.850961263335478	0.464430118886687	0.853993644208045	0.853993644208045	0.946537982050855	0.976249239215019	0.790407886186388	0.886696630098668	0.625728036321286	0.929588962069611	0.571613441169077	0.00343241115116693
41	0.996196392655444	0.947466168697109	0.622746642323044	0.346863499733396	0.762178906989831	0.561817798789268	0.92266193490075	0.263503458197311	0.891785981552345	0.862573066302241	0.862573066302241	0.613737817551629	0.823600942975257	0.590690800679489	0.24242006657246	0.766860531334132	0.751712333472113	0.316457386362824	0.00333793947592581
42	0.908028537045903	0.982309480556274	0.716027441448947	0.736795213066824	0.760653934519657	0.0711258800969574	0.157450674167169	0.575787458419869	0.724063881368983	0.859866196306759	0.859866196306759	0.789868653092577	0.831003035869742	0.786313378343763	0.473096471639241	0.907052510966207	0.832185257465031	0.678655860494438	0.00326127889531908
43	0.692653881495017	0.961450187919475	0.760012366202678	0.761206876213224	0.581384903315827	0.539019029844451	0.151625310457617	0.480274605854279	0.137170781576866	0.850263473367145	0.850263473367145	0.933662968011799	0.983343117461748	0.908285915791136	0.67532691100809	0.667491764880001	0.890239449178618	0.109852955202394	0.00324371062368733
44	0.962293644890991	0.844577173552121	0.574681126602187	0.715890225336521	0.466097005391137	0.628290028349901	0.147212818993467	0.865545260792522	0.501466837170554	0.653680724854135	0.653680724854135	0.839837853295053	0.672132269858832	0.979031073889399	0.640188907662304	0.626969792527968	0.964540195853549	0.502861523451084	0.00317138619463754
45	0.946715322641789	0.879621990817681	0.958604311174402	0.980217446715002	0.926675311095978	0.0853125984711424	0.597269554138276	0.303747940156443	0.835004784196437	0.782842248385492	0.782842248385492	0.884992927251609	0.981639314966829	0.743671452014618	0.166003850998893	0.327236458596552	0.851813456057469	0.124445250829771	0.00312771011928326
46	0.989399369127096	0.90098322995068	0.67117766814278	0.7528353211114	0.730243559732477	0.262295990034909	0.0908503843132829	0.405190767688363	0.991865367565331	0.699501083966304	0.699501083966304	0.945822382048419	0.986795046210838	0.763330021970082	0.913582437334053	0.79454136943265	0.99622824892217	0.215463574152707	0.00311420143123865
47	0.983991104730793	0.946859945515011	0.293559651530274	0.399574980091737	0.437260312445822	0.907381122813798	0.570401762807411	0.725594835544752	0.559806726897756	0.770069277684916	0.770069277684916	0.64444688699561	0.709772846389079	0.665404518632885	0.906145079332693	0.505658958597139	0.825592038355983	0.797594813608694	0.00307124503617784
48	0.844471034129312	0.980267324997153	0.345147455954519	0.522300897312549	0.38010060875011	0.913032205042587	0.0235294944987387	0.279666134195517	0.950777632677799	0.875474271634269	0.875474271634269	0.833143330796477	0.926596696163283	0.23623592140842	0.909708497793928	0.442749012376669	0.919314730657936	0.498628334885358	0.00304023051289033
49	0.97152388411601	0.935285111230888	0.986924699638334	0.98413406096745	0.968432793343764	0.713165145463807	0.40670046698471	0.980675526467132	0.322507953829966	0.731593746770643	0.731593746770643	0.938361560940665	0.774014119298995	0.863457114455053	0.61871364109605	0.696452686933304	0.821391446933652	0.661903494992721	0.00298680013267716
50	0.994819424706529	0.870368379524005	0.864553347612066	0.300806320342166	0.945568644328992	0.525622107422358	0.558443149452535	0.933042600854668	0.831491026888197	0.782037403490844	0.782037403490844	0.805066849410754	0.614911312738632	0.722655751268137	0.394442174703708	0.424270155065398	0.976868589871317	0.399158554429089	0.00290571322384705
51	0.896807331606896	0.858471023364791	0.777339891210004	0.424964933961578	0.850930517148984	0.535255609004053	0.129605370233826	0.0587011962944056	0.599147680062111	0.753622989717723	0.753622989717723	0.728764734975006	0.955277133188821	0.807010883738706	0.194451420608855	0.715841665987028	0.745237226222068	0.915673556989645	0.00288568504524997
52	0.950528037761745	0.989659222925749	0.986747393876323	0.923026563855178	0.901693750756819	0.693120998195007	0.258963511739444	0.847242796534672	0.48476272851001	0.899080222833002	0.899080222833002	0.950969401500028	0.816685888568325	0.665978223637933	0.705597295225452	0.931645004412337	0.850449656177991	0.804097684580284	0.00287426136703683
53	0.996117045657879	0.995915291570906	0.996923060766593	0.994555580561185	0.997182091535481	0.732555333034553	0.576777347046375	0.17052823772145	0.421883180413856	0.928531150866442	0.928531150866442	0.79731183536366	0.777775519928794	0.774129292067935	0.507865870346106	0.697592871532298	0.925090099039882	0.498680356732591	0.00284376157161841
54	0.938595921291543	0.974979787733384	0.668860384530783	0.642515303890574	0.813701926794469	0.123785284912825	0.866384538543546	0.79895179168602	0.636754406528078	0.870224473719706	0.870224473719706	0.506565500652586	0.781218342801649	0.600636098562744	0.556618261448798	0.805518074656972	0.77521815039434	0.940327190576981	0.00283839515301592
55	0.968300511213082	0.996640842564246	0.81848069319068	0.777016881398637	0.770735584839312	0.734712153198779	0.955127521673951	0.570581723495265	0.354813667833519	0.939150352376673	0.939150352376673	0.90361205302475	0.946130583269954	0.914024297211794	0.891866913139111	0.971320608357301	0.898571415814595	0.948520913953084	0.00277966239837574
56	0.895978114173384	0.891306676760235	0.470611839722966	0.534363807013796	0.648635569221961	0.608836892050214	0.988940892396382	0.0830377715903353	0.549090753538083	0.994880064829437	0.994880064829437	0.924143191335276	0.851892291909259	0.94851635672452	0.831374701229453	0.978474956167144	0.727753855105848	0.946750550731447	0.00273305004264902
57	0.980828047931604	0.875982904926267	0.849211616703166	0.539558875081995	0.640853462222796	0.277459350989978	0.0392610725091073	0.34198687066205	0.404669729453372	0.78515525556554	0.78515525556554	0.992576121456068	0.817303761523471	0.848972980890115	0.603252870342893	0.563042517823278	0.747209858137945	0.73342368297313	0.00271505146982177
58	0.959859997001383	0.953099972872405	0.793411009698401	0.86152321744971	0.798321962146049	0.265990360025356	0.142026178972549	0.996153767997094	0.845455264138073	0.960862469718682	0.960862469718682	0.914995854565984	0.919245566716428	0.633339117283797	0.837010904274071	0.555229186320053	0.976205001873075	0.665154434355621	0.00269303194741589
59	0.998328687143494	0.969439754840698	0.366510821063353	0.526852523438085	0.378989343579018	0.409370149725011	0.445327256353022	0.879997253887795	0.692940063351943	0.94050409003092	0.94050409003092	0.763180859117701	0.908419827805933	0.846499720471585	0.992292518742484	0.716535140566467	0.692605815299553	0.924978708964762	0.00267486294205704
60	0.889058161696053	0.978112370022583	0.8442955741627	0.86753101355138	0.861163683364166	0.522979406546287	0.958714508283079	0.497907583827756	0.963385949654966	0.833979246211409	0.833979246211409	0.943811741725008	0.986577574132135	0.89090394542452	0.744521061810517	0.941252920531615	0.778929697436064	0.901876197320664	0.00266433821680928
61	0.972067184751264	0.994356694163706	0.949869326362101	0.776039940238948	0.970114977523807	0.382116942015748	0.313595723462403	0.402520936051947	0.542368920296377	0.918776207257232	0.918776207257232	0.841218301070752	0.905819833275908	0.904599606968245	0.994088541404119	0.637317635778746	0.972427899479011	0.590703024446477	0.00262413707724556
62	0.994780711931838	0.928825125999398	0.738789423788153	0.190527710050765	0.0204043325088239	0.99246832420218	0.127182115035996	0.136707212213573	0.776885362851994	0.984879088017221	0.984879088017221	0.94932811492909	0.95876538005816	0.997962102340505	0.846107072870895	0.782102834431113	0.874083579337421	0.527090427580771	0.00259159294120858
63	0.982897149011446	0.861584773528618	0.949606441206108	0.883055510979503	0.475956448924276	0.672412280729712	0.0324450246913419	0.998303643506834	0.699329241169271	0.943695782877837	0.943695782877837	0.696353772645643	0.889636946903088	0.837800934405751	0.566554431938257	0.623666058371755	0.999122550080923	0.875358089278444	0.0025596407507708
64	0.978268301122561	0.963026762340284	0.833635632884868	0.714393986721145	0.813138747627546	0.218616801411311	0.289339882062195	0.728717648580532	0.802664118075583	0.935777459367035	0.935777459367035	0.808502804185775	0.820783863758525	0.703077934381731	0.806721723312773	0.814033231180858	0.935479678094233	0.881060147088264	0.00254157585136413
65	0.98983224752925	0.930663384873176	0.690464058067987	0.776255326597266	0.809807377991477	0.739581735554371	0.577487146877176	0.741813663511696	0.993236362927453	0.893992584646116	0.893992584646116	0.778258757049894	0.934302565639273	0.631230282331491	0.607648958297666	0.715009419965399	0.919272343489848	0.588883565009214	0.00252360465852237
66	0.998270855103162	0.978455039326529	0.684650536052521	0.827553151100937	0.701511979621547	0.895104208648585	0.0615619207687624	0.838108751884339	0.514585226590179	0.997303067076455	0.997303067076455	0.976243057109574	0.758916252727964	0.806684407106502	0.708503096852915	0.968184641225184	0.721739288985458	0.999251112995969	0.00250357150310282
67	0.990477016069546	0.986093592722077	0.851336137842726	0.930386499696711	0.891400946380843	0.699620333641974	0.246489340448658	0.230557289495177	0.937213716291513	0.974698800100569	0.974698800100569	0.981556967830313	0.811496392697141	0.538338754609176	0.966267004457674	0.920225257494891	0.995631873400568	0.727630689582102	0.00248920449987935
68	0.988418714641791	0.941936502843288	0.745656306215326	0.746384031610241	0.799903014913879	0.539661757019762	0.70845973922131	0.414055807496314	0.765463390423626	0.920679655501092	0.920679655501092	0.960750575323306	0.995134888076026	0.975160775002615	0.923645239849491	0.544999714157669	0.954674247577215	0.827543611584926	0.00247585869634096
69	0.989910160824425	0.967324574378835	0.873165975284001	0.882817127356119	0.898631833094852	0.205975236183151	0.12075510956902	0.99643410397841	0.999302621475348	0.957030398897724	0.957030398897724	0.847437041830393	0.850954777622072	0.956157233665724	0.534027730811911	0.447797411010935	0.969070448616468	0.568541230496706	0.00246418806171904
70	0.913080717749515	0.887948478173409	0.277776013154636	0.249251354749198	0.418521396105861	0.200558925672677	0.852630495413392	0.977017941800173	0.661172289764031	0.874587311630415	0.874587311630415	0.97052943692617	0.896697748279905	0.718483423722083	0.435915011779639	0.811368964018386	0.844885419916533	0.899146885710812	0.00244546799233247
71	0.991303655412133	0.969629066453591	0.847170600661889	0.915257084510512	0.896024972730589	0.556466896766145	0.0855619791639795	0.0159906058194561	0.491829598121227	0.918305712467607	0.918305712467607	0.649848648528904	0.796717575075121	0.403105789510892	0.997290498437932	0.744342628391948	0.935619375032613	0.791959837066086	0.00243104211824657
72	0.998805959375693	0.999773832473493	0.944818479870744	0.942419132208115	0.982181743068493	0.943493500184041	0.121360113051672	0.848307527077971	0.852121027096201	0.993365929695404	0.993365929695404	0.911797779395596	0.830482710980725	0.852211026526658	0.899607232561997	0.907298179434662	0.882535312060718	0.791952948069365	0.0023944258524427
73	0.965386733245437	0.976808126397971	0.559788621680332	0.608974195792602	0.69676594683785	0.375674113062777	0.834422393320703	0.225302962302791	0.686300733054719	0.835406044030903	0.835406044030903	0.716558348100262	0.976281701196276	0.822274492249862	0.888416944516609	0.563150012313279	0.822168157054999	0.845187382968159	0.00237377136768748
74	0.985925325619823	0.953625076830624	0.949456302250049	0.979035436762561	0.715516386462282	0.661320529842868	0.856456592515941	0.76251170706282	0.419181863581785	0.77941539387616	0.77941539387616	0.893748024811525	0.952511525006027	0.862667916865297	0.771305085863273	0.37897959692578	0.755274948525727	0.831931939105624	0.00234841408872579
75	0.914530630879259	0.972606011072808	0.467861129427094	0.0506667692255431	0.465796988688622	0.903565010357142	0.330721561247956	0.617241813322477	0.380202398734448	0.822845781368291	0.822845781368291	0.918650118154572	0.864500369259767	0.822984074305848	0.980404921761407	0.72591331599965	0.974121860201552	0.734085095900063	0.0023417551221919
76	0.920788399754754	0.948921920241484	0.637190033001933	0.796769408515075	0.618760426678652	0.207008433654286	0.670488727786959	0.755387120442102	0.711952849580054	0.858072915706892	0.858072915706892	0.660091380580636	0.827123013823372	0.561141850805013	0.758002925834513	0.694394050447649	0.838831586902056	0.809350013976247	0.00232699855977674
77	0.993908692534561	0.980323779753618	0.421034158530615	0.23729037461217	0.578353013558998	0.749297201989958	0.602763721099018	0.979992563261991	0.470358054221692	0.844245180472576	0.844245180472576	0.873154640787928	0.980229053136882	0.999140943575519	0.736322681338347	0.926703273325477	0.921514204175599	0.752949216837129	0.0023064693760335
78	0.982554999281994	0.990235015449908	0.63760715103044	0.559930053519492	0.757973380289019	0.342328857084199	0.187953441032626	0.509914135301726	0.883706230681109	0.89661274181433	0.89661274181433	0.917326152992887	0.841399699831278	0.909058171960121	0.892193596958219	0.942743761359736	0.897700192663273	0.666128457778112	0.00228925584844178
79	0.941017126311895	0.932536684014567	0.953623343779927	0.903034862659863	0.934446716265938	0.505289882168975	0.254229614496273	0.768125838443876	0.671030884600111	0.936379336996045	0.936379336996045	0.871388095907068	0.725805723104493	0.748879866098976	0.847809686690496	0.832043169222683	0.986727604818123	0.852117869130599	0.00227516980471218
80	0.947155058610964	0.976820311667557	0.663438865152272	0.764363875403339	0.777164044661297	0.971673935490356	0.910136270185023	0.974168117035908	0.766972821647548	0.878380069169566	0.878380069169566	0.842845639765832	0.792748727544333	0.803303987387488	0.790193538758187	0.929858599223345	0.931566703628199	0.982510767745999	0.00224668026971383
81	0.999381994836619	0.974829267420627	0.44375083704746	0.541752811516355	0.601046969492477	0.896646310698016	0.264634216988018	0.0560583264877516	0.736278322502103	0.846996010920567	0.846996010920567	0.811509264797078	0.810293012503958	0.824517938403006	0.480979419561421	0.997584902793248	0.844591798185157	0.908690317702334	0.00222744075893325
82	0.982164665667477	0.974649513679767	0.809763993483075	0.801957591487852	0.724265090526088	0.912572283568921	0.161635088990575	0.305551843957132	0.510871956001151	0.900182697508383	0.900182697508383	0.927651348667209	0.976648006912436	0.909227288466631	0.98407014056627	0.643732588743854	0.667587613427586	0.427034122823855	0.002225086153175
83	0.960174566826836	0.986950309059933	0.764782141049191	0.795314577930581	0.867832236054522	0.506035337208949	0.358861262030235	0.202036861841585	0.964704998703587	0.871281881410853	0.871281881410853	0.997510917413774	0.82080414619583	0.996817836780173	0.646610602394886	0.946933049482521	0.839936752073803	0.9285261202676	0.00218571827316854
84	0.992774655764087	0.985221340345126	0.57971287269731	0.619028629035347	0.734537951594668	0.336938724286815	0.0262859225708122	0.593494713400402	0.493538895075944	0.880063741204709	0.880063741204709	0.907579901244964	0.92461449915689	0.839213083744801	0.402985031772008	0.858607148682363	0.803785118485116	0.62912179530219	0.00218038278621209
85	0.985546062111686	0.970666236021055	0.687105622382403	0.473423148966543	0.787409731226716	0.528758841465804	0.652064402490485	0.961277358624	0.815347266641352	0.926393377816432	0.926393377816432	0.972430427996214	0.923413908569236	0.796538563947831	0.787720037593483	0.727930449087614	0.822576558028001	0.809972748175705	0.00217064832742517
86	0.939262716381595	0.994317086839756	0.979415169432632	0.968864843662441	0.988066917685996	0.393876556211919	0.877397182482409	0.961089614804214	0.977919130023399	0.915456964376046	0.915456964376046	0.801271956947022	0.800409650052959	0.994638098081233	0.827668362311066	0.893668567678684	0.999141638819529	0.692028251747575	0.00216470958697867
87	0.96422057705117	0.894593301736418	0.991236279632821	0.952833829789652	0.991132220256293	0.539806081026284	0.393544059312567	0.491339204331378	0.194521650770157	0.934462497467724	0.934462497467724	0.974397089860899	0.914199656024886	0.923345056965129	0.572195020680649	0.974159970904331	0.815848883078014	0.688629513548049	0.00215083954065592
88	0.978069093820569	0.961864744424401	0.321432317174483	0.293515037048537	0.472317995277076	0.864446893213554	0.883142210629012	0.742423063403825	0.590336063719773	0.866978184185398	0.866978184185398	0.990982174055445	0.915766857535771	0.630520855684467	0.888127305347279	0.969426202654114	0.880322804305619	0.794859158685569	0.00214539141473112
89	0.990589344213895	0.96821534178484	0.636545980050977	0.552113305313092	0.73671355586847	0.844489926064804	0.616304748887745	0.904200258941459	0.983454517196848	0.884546853187624	0.884546853187624	0.950026509751088	0.970163594930262	0.754852066773376	0.991821652022858	0.985667885589161	0.899001366621035	0.94616228147796	0.00211776548910905
90	0.988060819831129	0.994011996924496	0.857088662982314	0.902201362218785	0.91937314946047	0.548215637186752	0.770413826252084	0.888516445790376	0.885056888353575	0.973351748327429	0.973351748327429	0.82275024325007	0.916323926055641	0.854160596175099	0.926255650441538	0.954684028918749	0.97120719331381	0.882427293162862	0.00210150414745193
91	0.993117471797751	0.976350120295616	0.999590609740042	0.940355686260189	0.999881140553258	0.461647489479177	0.246309891332775	0.943209235681274	0.97843532486906	0.85455289474725	0.85455289474725	0.983606362494541	0.922064038217996	0.951351273749622	0.313835993619853	0.81465428658653	0.94505148600118	0.73850340873313	0.0020885061418091
92	0.967582607857302	0.996938053873191	0.396206349197391	0.223836175162329	0.567728552053241	0.901297243518946	0.587420764775407	0.945892897788583	0.913055736516067	0.964873961230127	0.964873961230127	0.96569466385798	0.987653377434079	0.817230744268529	0.517848817928724	0.984307595220276	0.959948506964982	0.728680998622798	0.00207445642323583
93	0.99309974567074	0.986794860930436	0.310750620613016	0.243278770632172	0.42882769274299	0.967899014682215	0.978860568777088	0.777544158870426	0.440956178735875	0.870491117097656	0.870491117097656	0.948444048046938	0.871743025006652	0.678986889832498	0.856210347635858	0.850341915164042	0.840158868041959	0.578116003754416	0.00204235174999398
94	0.992681371448479	0.953794761973676	0.987780064708285	0.874152030862356	0.993184705913961	0.137817370481642	0.872912498382551	0.826666703207382	0.700225356697792	0.998821258712392	0.998821258712392	0.869110460486873	0.992208794846178	0.386684811547081	0.649358198333339	0.954569968936879	0.852002133573038	0.837058272069374	0.00203387375894513
95	0.863468521491144	0.977630705933515	0.998261348795809	0.998880712206186	0.999415263669433	0.822784110352769	0.601384462059765	0.859979722573754	0.950539357083591	0.957345583118757	0.957345583118757	0.737865644882803	0.964642749633982	0.878578347019067	0.287853336300322	0.994178953359987	0.943075128307842	0.92745414063783	0.00202533961231693
96	0.960917225506979	0.98837762008631	0.865136919824752	0.902295250136126	0.822664224537344	0.441508773886485	0.14354589316698	0.560937964787261	0.909110676798181	0.940522720706779	0.940522720706779	0.97647765046053	0.825124032997994	0.902614236191538	0.647556934528676	0.938841968913887	0.975776809220938	0.701474899908411	0.00202128088481868
97	0.915481476213658	0.980621836300644	0.964243629800633	0.629398028467613	0.988557623254433	0.563750515965153	0.068289854613969	0.0254399726384509	0.965590237699514	0.961758678604671	0.961758678604671	0.957933754805495	0.803977805825522	0.867023390519796	0.310986652191504	0.775111527012092	0.957945017380842	0.837458523299918	0.00200657684650177
98	0.99105487256266	0.97391552959838	0.298681304488284	0.271378174382545	0.435211510824472	0.569806528291421	0.667490625814127	0.845318056716062	0.547405205704474	0.854088900907187	0.854088900907187	0.920323496323872	0.836709359661557	0.775300379820259	0.84419681977835	0.987283380796699	0.583353643646978	0.684967503599629	0.00198802555783036
99	0.995496104644758	0.994798966270525	0.909809364067113	0.704016921388454	0.950473364932682	0.353056250423569	0.409033726844995	0.680976069935552	0.370479116981453	0.969695975133342	0.969695975133342	0.951165220770335	0.971357313089293	0.886500491521298	0.590124959656184	0.939586690946896	0.775905052975133	0.855425679710698	0.00197191717152886
100	0.981617010068779	0.972935528534787	0.982010629654719	0.94057286531286	0.983296892032037	0.449911183524017	0.920365697974855	0.97746078147107	0.531133464111637	0.995836790158704	0.995836790158704	0.93280794108773	0.935942738886429	0.994096775440699	0.895990647405473	0.751022153962652	0.899772486698421	0.425959666829191	0.00195005261732998
101	0.977923524532297	0.995074016130618	0.678781963282078	0.107852624740378	0.824024386178062	0.930390395116881	0.268388103669788	0.987985189265888	0.815068941190395	0.941903153629221	0.941903153629221	0.977757331994997	0.934096755018343	0.858190733655154	0.804250129607597	0.774670193251168	0.995442009109211	0.973293072600973	0.00193818863997523
102	0.978716321669527	0.994096383003479	0.706548325236876	0.835233687890688	0.844214076606843	0.836355995333914	0.745066240641687	0.983363446203086	0.962255106334122	0.987864396268116	0.987864396268116	0.91446889436633	0.975677592231825	0.870692964029033	0.885327798305863	0.893632769609049	0.883173029067902	0.650537506954765	0.00191328278538114
103	0.999864275159321	0.983439337322399	0.663463294241005	0.671144742586317	0.814196352042393	0.697322630533921	0.647359498117485	0.97530769001279	0.292911186855571	0.988245511644947	0.988245511644947	0.81599051823333	0.966728946038624	0.92595434257092	0.646854954044224	0.95836088038024	0.997208718894737	0.857535931016238	0.00190609272255417
104	0.953950267380496	0.991638949290987	0.999917725548841	0.797094474479402	0.999764228171739	0.766353701885688	0.669280747329532	0.925588499798824	0.274059575952304	0.901256129161953	0.901256129161953	0.727361088223532	0.920618827176696	0.697078360088007	0.687497390189363	0.47847632128646	0.800362082544094	0.969005725667245	0.00189048064185198
105	0.942966202795384	0.978953363362963	0.997915734248207	0.999652519561035	0.999656806696771	0.801971584368304	0.997143203163213	0.602383237809942	0.156072744910603	0.87927089537776	0.87927089537776	0.825261106194287	0.975299925957389	0.791872016689287	0.44108096843382	0.975137259597826	0.9423028902871	0.844761572197683	0.00187365185261837
106	0.991947469452643	0.979172279397259	0.786486277624576	0.73086792665514	0.900049854955922	0.99940368383552	0.917645048791915	0.940298659331197	0.82569840402941	0.94667324718953	0.94667324718953	0.949348488887121	0.947429909707311	0.635402348917161	0.662204614243908	0.809360288957008	0.956422459738676	0.991513864170421	0.0018628306989307
107	0.990796539446678	0.992864525952265	0.860088206245965	0.834730572395173	0.942097952506022	0.811177431387919	0.234253633145987	0.992677902519326	0.670760901812832	0.934864041225621	0.934864041225621	0.994547254997077	0.952118217556734	0.731185400713921	0.940924163498664	0.878804927453452	0.702592225044639	0.708123220530881	0.0018432526745259
108	0.991458121795971	0.989414910511505	0.999994223475422	0.999851799357351	0.999990397217229	0.962568880441238	0.102339464351812	0.989915727671927	0.501392152706769	0.940874330604089	0.940874330604089	0.928214850075929	0.785884773210496	0.554272763059722	0.808289794210446	0.945516755212755	0.985870982290986	0.938451902048202	0.00183292437271996
109	0.939472608326324	0.975534353543076	0.999911947714054	0.998260067905539	0.999638509892866	0.572166721735174	0.92823134968346	0.110850416619032	0.880895421426869	0.954454034515197	0.954454034515197	0.845792306573509	0.75478554546564	0.818852667237881	0.498416078423886	0.679861736790395	0.889548979540152	0.576206399765023	0.0018099467539825
110	0.976846020448484	0.926047876093624	0.975769398987643	0.981288742746003	0.98940135655362	0.517399573086904	0.78277711914777	0.580677473446744	0.732536009702349	0.935275522495856	0.935275522495856	0.981347635083683	0.982161622375556	0.806841532675748	0.512408614228267	0.972753659414407	0.880914454770753	0.999222991683824	0.00180149536261432
111	0.996748737869954	0.996293417988891	0.949544656073049	0.956654061175533	0.977346549364254	0.842256648610496	0.997681207506961	0.673877274807583	0.702758567440901	0.96380894275641	0.96380894275641	0.889624511512726	0.998744505249805	0.869653321797299	0.793650986552196	0.900622838425345	0.983877308391224	0.877585619586148	0.00177962017000272
112	0.995265249273446	0.991358464579592	0.999352699942578	0.999923389215283	0.999640506083383	0.830266718374496	0.0143874809772898	0.741664563621165	0.602752745316342	0.989755733424628	0.989755733424628	0.916856201441216	0.944944853597425	0.754813862650708	0.961431923908391	0.6770600160412	0.9606487661792	0.918119986495083	0.00175395052911633
113	0.990651607456901	0.983602991627334	0.882349517981376	0.836294501501577	0.913261113227359	0.721481067247465	0.936592733686972	0.884014141082469	0.527160403316625	0.860583134894958	0.860583134894958	0.89074502851528	0.912926611905556	0.692759267012533	0.755071137728005	0.825817719519436	0.858876915598074	0.898562053368813	0.00173080829700039
114	0.967147961691784	0.995231420540302	0.999883357331938	0.972047942785178	0.999513421646186	0.959223264953772	0.587611676151505	0.967416571251782	0.729983587525078	0.924082582460219	0.924082582460219	0.930945860156944	0.893550299157895	0.542589205808881	0.33582822285384	0.734247081506022	0.899743440928807	0.952312847440875	0.00172114099663673
115	0.997307654191283	0.988961712630905	0.946052246651871	0.933601839873384	0.980056903102001	0.90473337145487	0.323154003925439	0.930594828602728	0.824880579998692	0.968573041165398	0.968573041165398	0.632988321682635	0.863353173796324	0.639873292797493	0.823263220524514	0.582899783231485	0.825203033315787	0.877547981301883	0.00170200897772988
116	0.995834131160818	0.970908748586979	0.744666574321395	0.819745868571742	0.833388434046848	0.901758457048305	0.667423913805912	0.295261892822751	0.810652956435542	0.862913265741941	0.862913265741941	0.85895038588992	0.962395990337945	0.648928653727335	0.675828189012301	0.867596538847683	0.994440370322691	0.101084250876752	0.00164098578018287
117	0.956491673340077	0.858579014868016	0.298689714611818	0.462259130078491	0.456552768873325	0.91778328368148	0.999816681124589	0.970507260194741	0.639760471696904	0.783252591202317	0.783252591202317	0.876543718000801	0.870449634246494	0.979808550190666	0.920471368597032	0.845505443771806	0.983469453522642	0.00250377685188309	0.00144998584079314
118	0.984676729913539	0.983278971140824	0.997823761413291	0.999573098952357	0.999692515315768	0.849897923264902	0.999999999918448	0.946994923571336	0.525888493881042	0.891402564573466	0.891402564573466	0.974743293811567	0.649495003144928	0.645556966089228	0.838074347784709	0.602566525282438	0.64596860825041	5.35493612933785e-05	0.00131837825519703
119	0.988437540550053	0.986907815726437	0.999945191264645	0.999994894142009	0.999995311860592	0.940436278430231	1	0.451113086202491	0.605786447533625	0.962439471799293	0.962439471799293	0.990716264507164	0.898120542852732	0.86525235846536	0.895896340134047	0.824770519578069	0.922951461695795	0.347093884023745	0.00120397702822971
120	0.98575681224537	0.980591869769013	0.999835489478155	0.99998434804583	0.999986421696279	0.964397065741472	1	0.726912176583805	0.821384684738024	0.877142521328028	0.877142521328028	0.940985211071861	0.943041776018327	0.856481392370038	0.886816175464448	0.900685658328082	0.925324049191956	0.254884766989014	0.00118376377320986
121	0.981997376365298	0.997041376211874	0.999282393517364	0.999838813249016	0.999890887591735	0.940816841975676	0.99999999999987	0.539805533045715	0.933389941011862	0.951802289793752	0.951802289793752	0.947256136215347	0.983331575457825	0.985048624118737	0.982119134169803	0.973340325791251	0.91071894678857	0.0602299547879892	0.00108651767874048
122	0.945073191690307	0.994764599197016	0.99999988617797	0.999999995868275	0.999999997897749	0.971939633659147	1	0.0233363485055246	0.926030314621486	0.940955299441004	0.940955299441004	0.999052009043456	0.995760590818253	0.911050868559229	0.871681870452157	0.942036603654111	0.906898991938686	0.111365468932038	0.000922048753581734
123	0.0133139764464766	0.0224748075314216	0.109622940000112	0.16421759759817	0.0968509168824586	0.00178762174963963	0.673405798646064	0.0470084579164259	0.170020932623853	0.0108529452765091	0.0108529452765091	0.576471480798877	0.394914872143373	0.806584100028636	0.354325796755304	0.214628623858047	0.364785183146242	0.563854317221795	9.00606686825608e-31
