"PC" "lib.size" "batch" "Island" "Sampling.Site" "Language" "Sampling.Date" "Age" "RNA.Extraction.Batch" "Sequencing.pool" "RIN" "Mappi" "Season" "Gran" "Bcell" "CD4T" "CD8T" "NK" "Mono" "ID" "replicate" "microscopy.pos" "PCR.pos" "fract.pfpx.reads" "ind" "Variance"
"1" 1 1.77470369717727e-05 0.0625083686723017 4.11227637941813e-23 1.46056719242333e-19 1.92800443223155e-18 9.8984186871368e-21 6.71285983880659e-05 0.000259695572470217 0.936506380544755 0.0558055432112538 2.17640703718379e-20 2.17640703718379e-20 0.578297475840605 0.242535045894533 0.960183692897536 0.92836156184978 0.00687314340865827 0.522003375509399 0.0291598572135542 0.337679101599168 0.0138214013059265 0.000508565849781098 0.685144718637699 0.0291598572135542 0.180564828856278
"2" 2 0.355323175212485 0.00891031031316538 3.79874234650908e-15 8.76762251220015e-12 7.60800674569527e-11 2.18572278576837e-14 0.249773983284918 0.946216900972566 0.2868555174743 0.00325225397153575 0.0668446507627993 0.0668446507627993 0.137794283718692 0.737843349040793 0.0835555333792713 0.923687939200766 0.251698077716166 0.0125331319407046 0.0361768698411684 0.481042517215035 0.0817324420006287 0.0329087448686037 0.588402599887834 0.0361768698411684 0.0957163328418957
"3" 3 0.246386120335848 0.807508114946974 0.335658858712811 0.386597654695681 0.397601921077009 0.0232907393714196 0.517137754667292 0.467451166708749 0.588612730353492 0.540805054660701 0.428326961756883 0.428326961756883 0.796148398792679 0.846189265955915 0.833719892867077 0.999729351941677 0.839059615919816 0.693824082364667 0.134251574711097 0.0195114628632067 0.617574185414332 0.7736982575968 0.248096620448206 0.134251574711097 0.0571058863279952
"4" 4 0.784221567154375 0.807886293144923 0.00124804360997502 0.0358231945353373 0.0361450772436384 0.00642951049778662 0.426629951541577 0.200928354489018 0.0558909985127721 0.63586134795749 0.00128354338847591 0.00128354338847591 0.709100562558532 0.806998065165215 0.512442110734198 0.94896510232235 0.20380893391695 0.475336776626731 0.287884124168325 0.221078013590325 0.455593872217148 0.620560887350867 0.469198352255014 0.287884124168325 0.0503323329780616
"5" 5 0.440022214573758 0.192840173666805 4.69161792999576e-05 0.00284390504147246 0.00658553891898795 0.000166007374940062 0.0459673485744596 0.468305514902112 0.615554165622902 0.0940939686906512 0.00465063998454195 0.00465063998454195 0.499518633870092 0.552045497553135 0.624321390693366 0.992233549951213 0.428238636787799 0.314547898298739 0.00118134536256525 0.263299339468503 0.0531417444393938 0.125004155922096 0.684994531293163 0.00118134536256525 0.0365369679280845
"6" 6 0.638799777962564 0.939572681027151 0.0417593572872209 0.0200137026811379 0.0284773080967124 0.0488186516028828 0.396251201383039 0.0189330181748755 0.891160089236542 0.995715119395492 0.0129989632362159 0.0129989632362159 0.912353821487026 0.796395097257278 0.750654125079394 0.966970985407739 0.353197596657755 0.793456329172806 0.00760393334620558 0.804444965974433 0.341990134947533 0.368220697932378 0.209775148906004 0.00760393334620558 0.0264780939105366
"7" 7 0.224126521743255 0.287612601821429 7.11189324570582e-08 1.61427139229315e-05 5.26861906297277e-05 1.68203967739993e-06 0.718677587654034 0.00171674004380196 0.181726615837438 0.146312844510751 0.000190236303747361 0.000190236303747361 0.386901903903976 0.906719389314673 0.222815415317823 0.925175784970407 0.107890772964567 0.124712691966397 2.86414797202752e-05 0.14586899101258 0.640425242533522 0.575572084360169 0.326172447158397 2.86414797202752e-05 0.0226233836052694
"8" 8 0.950126200621542 0.481523854742634 0.024926328546002 0.312569395086271 0.30354903524633 0.393669060885992 0.247646959381088 0.142508397716576 0.83005876165797 0.256677008670808 0.180899355189026 0.180899355189026 0.628096789361531 0.729803107945887 0.684841487171871 0.997725605376151 0.744159713564488 0.457127167918537 0.0216427603012355 0.202668431135427 0.362813239725295 0.218065319890555 0.435370372475071 0.0216427603012355 0.0189126747686312
"9" 9 0.51663421921031 0.592528172282048 0.0169579090307986 0.0529713161740923 0.0508830499714155 0.0963877501094228 0.89856535981664 0.466854615187393 0.0227307496258738 0.330952087372351 0.172133884819461 0.172133884819461 0.595698757249242 0.97303198614161 0.499177566915918 0.964235324022449 0.504323308417381 0.362736841031642 0.0011702748416176 0.479883034697928 0.411490207297059 0.306979855529057 0.61683388942695 0.0011702748416176 0.0174714041958755
"10" 10 0.793890378985068 0.454165091419061 0.024500842403845 0.0938410432479745 0.178716942164177 0.0886651077588835 0.401376497791116 0.385303635588735 0.18140586849927 0.229651086160599 0.764712763118329 0.764712763118329 0.572717783138236 0.803312484117532 0.565115679114264 0.982567981942355 0.940054891469739 0.363607563353696 0.00660618008865345 0.412399670266367 0.0543174002204853 0.134907942439797 0.177721424739186 0.00660618008865345 0.01516794536751
"11" 11 0.639970287699582 0.830244882422261 0.416161392983813 0.0297581951136643 0.0710455212985457 0.0583415401654101 0.593248250299899 0.686337586344229 0.0723993240567037 0.564290793842312 0.600075200912415 0.600075200912415 0.799721874428754 0.873178161763618 0.820523885450257 0.996749640743768 0.914322850680467 0.692729563772141 0.00547558854526556 0.370574685927193 0.235382979508263 0.0687683273806499 0.00992369538678925 0.00547558854526556 0.0137683809924926
"12" 12 0.689798614280714 0.93971909327164 0.32596901596791 0.0442896201453019 0.041695913793375 0.0829093540525995 0.826383674962059 0.315716245771903 0.000647658488344598 0.760526666572941 0.236264624619929 0.236264624619929 0.840553013838146 0.945483493891681 0.756104867150926 0.978581876325398 0.620690042200664 0.7134557737735 0.0630579991850692 0.726416599292943 0.905879450093755 0.517568009572049 0.156393192580338 0.0630579991850692 0.0123403587387384
"13" 13 0.941281061470772 0.909712125576665 0.220794662579185 0.406253929670284 0.511407346354226 0.542967438677308 0.434307820393505 0.873713019805544 0.747417275066762 0.736996913079226 0.0928785640967503 0.0928785640967503 0.932156355646256 0.813333303986412 0.963158604315931 0.983449533488999 0.562254604638909 0.934528147858728 4.36812346980956e-05 0.152391440528697 0.490213299512802 0.456431673426781 0.524812043949823 4.36812346980956e-05 0.0116416815972726
"14" 14 0.911949577509019 0.887735471438009 0.422836003411205 0.423790862664428 0.400295840616065 0.166779689008734 0.531872569276504 0.00807348225884436 0.339789854071083 0.661252649506965 0.299953265724007 0.299953265724007 0.869987539974481 0.850871426279811 0.928770881149367 0.993880480880332 0.747173763158651 0.816998824043697 0.000444088073319977 0.805226317767636 0.972895821244039 0.649186584602342 0.810746988028835 0.000444088073319977 0.0111836324072489
"15" 15 0.039765105614883 0.991891300981912 0.780668977968998 0.108229032130292 0.0188537522324635 0.0659521192131675 0.77566647617032 0.0377661808946083 0.0186099823211025 0.944499396854973 0.481025250853003 0.481025250853003 0.999021971307823 0.931128319206047 0.955102248608617 0.991737329782789 0.798456373230683 0.982647298130939 0.0584314477536512 0.00860076758833788 0.193560779713325 0.105642799145958 0.52985784773238 0.0584314477536512 0.0102797517901276
"16" 16 0.851158401473973 0.864570034761694 0.125293238130246 0.182227294579098 0.255568672272708 0.29634851740641 0.83265399115158 0.48372125681433 0.250342601038702 0.627092921506398 0.137033208065848 0.137033208065848 0.762525624257554 0.946688300921125 0.658106953919278 0.971299761042299 0.524271020737567 0.587986416593971 0.0280296369732775 0.0181641079159326 0.497818255902263 0.212866778599968 0.0612545882232755 0.0280296369732775 0.00999542033143177
"17" 17 0.152307773386571 0.686871069015131 0.178418365234349 0.10912675236708 0.208397699408701 0.204627193603265 0.51774409328099 0.567298723615395 0.14020899114111 0.408832586926997 0.683733383090773 0.683733383090773 0.704647495857807 0.84727811215346 0.711604587466976 0.990712563565911 0.980612230865622 0.546363781303042 0.0189220747800125 0.0157235352439775 0.521847314781269 0.325283735543383 0.398042061854998 0.0189220747800125 0.00933895595504407
"18" 18 0.680797208998036 0.995925283409888 0.893674740404029 0.436042671137324 0.611291008221291 0.476353025710368 0.919835869398875 0.174125914772465 0.849692657099892 0.94563724348536 0.678687871981482 0.678687871981482 0.958609984507343 0.975264678622531 0.929025932249773 0.993182156520305 0.867078209952707 0.921612686807251 0.00321549765314803 0.117797119741273 0.0222109245959321 0.059390637452729 0.0291889984749013 0.00321549765314803 0.00907609624831163
"19" 19 0.296748825296189 0.982879208075196 0.734308867219513 0.703446287396622 0.837214344355085 0.456570441414349 0.727168131867822 0.0822885708168647 0.18613409885521 0.890306451008326 0.442052722085394 0.442052722085394 0.975094562202424 0.915954146444279 0.976358483747633 0.992099139101041 0.788111533616957 0.980140837937144 0.00629161619558046 0.33870085005343 0.353331159490595 0.0659835713395677 0.0381969444716125 0.00629161619558046 0.00876164210239733
"20" 20 0.679916201140233 0.999834052257298 0.995378467928528 0.404725676309224 0.394779218749357 0.297157399721093 0.983535832483745 0.390137124578661 0.0468484954331738 0.989107894286689 0.932796850364187 0.932796850364187 0.991657776661399 0.994928535904366 0.985624682638328 0.998615835717244 0.972842505918502 0.984159347213721 0.00131364425014784 0.471672884858169 0.978912725248531 0.976613388972608 0.236905101128741 0.00131364425014784 0.00815438589150667
"21" 21 0.706040149760833 0.941518722422646 0.735401422897079 0.612690871162417 0.742964249807629 0.721310064252234 0.865873868096502 0.482135265912163 0.913714580873755 0.738956779612869 0.91768466546721 0.91768466546721 0.868643630499816 0.960346260498844 0.853772186257487 0.992629507119409 0.927097253458067 0.785182376626202 0.00068437133768794 0.0924668811099642 0.310315765731066 0.293033746412957 0.391187580147618 0.00068437133768794 0.00780260336484561
"22" 22 0.57347225584978 0.977687515545882 0.372492115531342 0.137308717821718 0.109708742315284 0.121852411559124 0.695455106634031 0.0306125606879278 0.938658999859984 0.919017335776269 0.18566619879978 0.18566619879978 0.912726540468597 0.904699686715848 0.822392581275995 0.980361022638083 0.60649865813939 0.823684757344924 0.00479735854599741 0.870745109870844 0.820795917881705 0.61100557864236 0.018905241540562 0.00479735854599741 0.00749159588405291
"23" 23 0.527044635935602 0.996380731420474 0.901320345844081 0.644900631743833 0.764940241725945 0.787130885278903 0.920880323774202 0.807558677663168 0.650714290662966 0.949765974432225 0.688296057429878 0.688296057429878 0.961080842939112 0.975605627868242 0.93249699508268 0.993451761700352 0.871613225127043 0.925969641618069 0.0233673013336144 0.0566479827268171 0.548758639756622 0.648532159432921 0.96741892270836 0.0233673013336144 0.00703458943006354
"24" 24 0.265459003915472 0.973345571022209 0.803457530329843 0.0969208940929051 0.192086556386225 0.0796595243278996 0.751690709198396 0.949116891448797 0.561598431548501 0.83720746092799 0.580033047549023 0.580033047549023 0.941289075507048 0.924081413704516 0.973628338471609 0.99621245106734 0.859617013374947 0.91941657727283 0.00721178059812238 0.626800285311083 0.101293867828332 0.729640378188648 0.746737477506842 0.00721178059812238 0.00693276558101984
"25" 25 0.96298805237753 0.923367407058946 0.63638020873822 0.392556360645605 0.0947268252547097 0.288875548225454 0.661145720875091 0.785235303535419 0.658871039159398 0.712219707137589 0.537760866167612 0.537760866167612 0.881145910189696 0.895336811389159 0.913528785509809 0.998293553065126 0.861158499794253 0.823931504011824 0.00118124661268387 0.485857837075135 0.573727102312764 0.637438245725889 0.950028687699032 0.00118124661268387 0.00687570428502567
"26" 26 0.675486592512555 0.982450601814051 0.901445517263565 0.686367745195769 0.807998206643967 0.747881610407455 0.948751425272498 0.958541326286186 0.949058244741745 0.856838702196756 0.892664030320627 0.892664030320627 0.925768649020861 0.985125160727078 0.91232349100653 0.994942222634899 0.936704820111476 0.875927187055132 0.000768696403245327 0.518897415178327 0.710321340419254 0.57488962447682 0.0658584478568106 0.000768696403245327 0.00667300301240917
"27" 27 0.906104389458422 0.99691493216311 0.985984213106215 0.393602004442219 0.450888284313516 0.516490247397776 0.957000189063977 0.773038500539691 0.637393988883576 0.940108870792256 0.981887462646071 0.981887462646071 0.971935912190573 0.987207181054324 0.97164207151504 0.998959476588999 0.997422267400754 0.954967934333864 0.00216609019950805 0.497230020461558 0.565822969822552 0.395490119685949 0.984265073207402 0.00216609019950805 0.00664607633179946
"28" 28 0.402058711994643 0.993589832810488 0.859918710355394 0.475387781301108 0.605248966985026 0.294827553184355 0.917210474576349 0.036743529258793 0.464481060380085 0.927321191775174 0.641930767050439 0.641930767050439 0.947911821178788 0.974366252529564 0.914392162995925 0.992084418212662 0.84917629071282 0.902926835420789 0.000608941962684662 0.907299569486574 0.822022073988315 0.731501964118508 0.00517539194834289 0.000608941962684662 0.00649576844306182
"29" 29 0.495214766547285 0.949419106050317 0.77606990075077 0.36043464484195 0.4085070420093 0.539808652685556 0.761556244601351 0.834581574805037 0.188150995228925 0.762030850102171 0.732479416039099 0.732479416039099 0.896350744412333 0.927618837332745 0.911974122881317 0.999188466414541 0.934929699219806 0.841150536030468 7.83229118115881e-05 0.633930037268747 0.991004503368782 0.984051771752624 0.335330508900712 7.83229118115881e-05 0.00630575814027694
"30" 30 0.700920934597915 0.994816292812374 0.959368727592579 0.861849555257086 0.915943964351123 0.481769403057964 0.993338283982512 0.0392453827700219 0.0672088557353328 0.923008246787921 0.882255619933397 0.882255619933397 0.957414578309558 0.99836984004869 0.945071308689487 0.996265897772754 0.943220646254881 0.926801052243011 0.00446549331346045 0.560193170677993 0.95271832992923 0.730047384335644 0.602894131136049 0.00446549331346045 0.00592589811046825
"31" 31 0.466461768138457 0.990916110291091 0.93135828981323 0.992342296998908 0.911919503548986 0.469293286951779 0.989082294944285 0.0254417945948732 0.259009211685209 0.897974185231721 0.850150021699375 0.850150021699375 0.943799096486604 0.997203775372344 0.927956073328547 0.995148344669685 0.926995308778498 0.903640253929157 1.20897457651364e-05 0.861219775649443 0.129460017751176 0.632970693252533 0.839884112078722 1.20897457651364e-05 0.00585382454879311
"32" 32 0.669027960135125 0.970121284306513 0.844787072662336 0.840009215025752 0.775204591731363 0.895187130001278 0.789789023604743 0.27938696032081 0.262929518676944 0.819657985086636 0.712723542328013 0.712723542328013 0.925905538659613 0.936230709265715 0.945181049952708 0.999114231332995 0.917663147602166 0.889541825656067 0.00271668546992264 0.892613593522551 0.8307527093842 0.752440357676998 0.809155431403626 0.00271668546992264 0.00570433753018941
"33" 33 0.639781852757202 0.992570352488991 0.949382778845743 0.697869642306135 0.839078216671933 0.840057053591717 0.877832811235328 0.0245967885506317 0.920273683192228 0.912333427525611 0.80226913084232 0.80226913084232 0.966836035037038 0.963111990679247 0.981076859412878 0.998591187269554 0.93831362934675 0.952796066506558 0.00109264254008295 0.484840511191608 0.485658755228381 0.222551491838479 0.0961710970289838 0.00109264254008295 0.00560856809439031
"34" 34 0.937091840365687 0.960578899751305 0.76279958336731 0.996836271544031 0.986353501432122 0.99934844466275 0.949834125132041 0.250164188337258 0.114133557549653 0.786490453218972 0.763989357553808 0.763989357553808 0.885207754123779 0.985828826098353 0.858662518393831 0.991087636479279 0.875910750035283 0.80643899826445 0.0283099909858847 0.493310306946858 0.905521446424558 0.875098271225927 0.822751731391812 0.0283099909858847 0.00547818874013493
"35" 35 0.702405158300635 0.992675747118755 0.951555358317389 0.483469076615612 0.547315396675994 0.659344509677915 0.880791231758508 0.116515939427128 0.638574860995969 0.912630620065222 0.81019362276839 0.81019362276839 0.966605354991403 0.964020924694124 0.980163604102503 0.998722710059986 0.941345897670418 0.952146228236202 8.10408367510646e-05 0.58520881015078 0.815025350727206 0.816260054506498 0.921702676965542 8.10408367510646e-05 0.00537967346032688
"36" 36 0.136685154645262 0.998430836554041 0.928273574860305 0.765946080502529 0.649181881685769 0.821149723547099 0.908690760069864 0.818309634012278 0.635123187959416 0.983984399706751 0.711955591118116 0.711955591118116 0.978750546904431 0.972050834248587 0.953328404591363 0.994652609380891 0.886459483961628 0.955513561484401 0.0160829696768721 0.304499402268998 0.812734849081037 0.792311531678938 0.195093463684569 0.0160829696768721 0.00535007543513482
"37" 37 0.835232744211851 0.954692953825463 0.753692884940344 0.857859727915723 0.934630453540578 0.691716619309076 0.724148261182998 0.718203666083986 0.0965371334016476 0.780289154673622 0.597272805141003 0.597272805141003 0.912242839129247 0.915560836979606 0.941031526774037 0.997866826712962 0.87614169692423 0.871704395827847 0.000523409363110585 0.79781625123066 0.956466781630858 0.926741507638851 0.397253247086348 0.000523409363110585 0.00524724496171313
"38" 38 0.974272891224036 0.999855933832505 0.992763521275598 0.902347795091534 0.963558494226815 0.941121931069673 0.969012994681646 0.559406135418532 0.828412063879774 0.997933913112003 0.906445503482091 0.906445503482091 0.994696379799481 0.990548906261309 0.986688190871933 0.9983656945638 0.96421942511392 0.988209040197852 2.89310742831331e-05 0.98701559745572 0.830912352370423 0.911013654068428 0.355265635900585 2.89310742831331e-05 0.00515430463135664
"39" 39 0.592894458430288 0.999350639866409 0.982937008860289 0.459971475991903 0.56974807490094 0.516838439765335 0.938436295054155 0.0991440347492903 0.989351555712554 0.982457516398955 0.853018663326732 0.853018663326732 0.998331922488464 0.981322456019846 0.989678204962683 0.99789121217541 0.94688845626229 0.997727930827237 1.88697369532271e-05 0.410777931175756 0.0643973601409558 0.0421548861261597 0.53176768740266 1.88697369532271e-05 0.00506262354415287
"40" 40 0.588750554345828 0.99003546874547 0.933479951071898 0.895525188287909 0.901351020599977 0.597470217473788 0.977036484696857 0.0719707592848868 0.641625025276238 0.8925663869469 0.875067381249629 0.875067381249629 0.942334909196182 0.993562193455952 0.928462764481882 0.995454017683715 0.935671277823966 0.902116457386226 0.00853499014864233 0.794830450796277 0.960194940592995 0.847605950381235 0.815020498480639 0.00853499014864233 0.00499458538800264
"41" 41 0.84977157789829 0.998724970706884 0.991947781323163 0.680841975880369 0.475046471768889 0.806512449566917 0.989056257719769 0.138373023092281 0.232533986497079 0.961449604148341 0.963036898073182 0.963036898073182 0.979710202412161 0.996866093095787 0.975401942476666 0.998507107043968 0.97994970115567 0.965750201564963 0.00203420042755653 0.261639381713901 0.646044635338091 0.580165299585561 0.173792354435238 0.00203420042755653 0.00488933480778621
"42" 42 0.916844117941148 0.987656632036861 0.764286462899353 0.853998004794866 0.939678693865403 0.887640777663455 0.751945017835209 0.408626898447252 0.610999850918566 0.913858009450889 0.467649876668718 0.467649876668718 0.98498232069126 0.923762670311939 0.968606560359261 0.992137050078759 0.796834531819945 0.995092499607267 0.000185750022782408 0.922075703474719 0.162834506139699 0.411875439442453 0.595900413610729 0.000185750022782408 0.00485602479940236
"43" 43 0.193332305857478 0.992011635045317 0.913920156522982 0.981279631353526 0.45407142586359 0.89301697388966 0.841995436608315 0.711097366714053 0.608964132863951 0.915500561213471 0.696389156281156 0.696389156281156 0.973487640401975 0.952025282420503 0.997273695900732 0.996632082766159 0.895884733939609 0.967366565742487 0.000116289747916011 0.930046542220404 0.950658799004906 0.803963030887042 0.531796173637071 0.000116289747916011 0.00481733133079209
"44" 44 0.595824709091086 0.999645437518526 0.995813736865022 0.529071205971703 0.670309125563016 0.547795125615816 0.994884567870101 0.119281233309339 0.954920909089926 0.980460595444021 0.950310967251488 0.950310967251488 0.988294908795836 0.998340789474939 0.983486167275387 0.99871883815314 0.978122051213197 0.979281498443482 0.00112631562927864 0.771035568281878 0.570685167897053 0.848047690304716 0.495121801923398 0.00112631562927864 0.00469951221464204
"45" 45 0.0921007448737898 0.997453877845256 0.982115681130047 0.856251033226485 0.306619303916069 0.78079777020992 0.927731689979295 0.413497075778273 0.809628173164651 0.948778828587096 0.881528650788321 0.881528650788321 0.980752295349215 0.978225964103592 0.989262776422239 0.999138396487351 0.963099709960343 0.97269899369383 0.00114789249732109 0.579902043755585 0.722085903719433 0.515393370312069 0.387633856201267 0.00114789249732109 0.00461605393051183
"46" 46 0.188970902508387 0.997143099285265 0.984431681654172 0.43405515446454 0.509142744041254 0.582996275011963 0.975576752020453 0.614089929416886 0.597125934816736 0.942131867613869 0.96770138567917 0.96770138567917 0.970598448563476 0.992859562192708 0.96609717126068 0.998151220410737 0.978671948675907 0.95109649425218 0.00879398388502716 0.341830691313188 0.475718411458907 0.706019144086391 0.0625368061601688 0.00879398388502716 0.00454294056245981
"47" 47 0.923351124360849 0.999494932245846 0.997677639812667 0.982535115269354 0.990915966133375 0.985873556757248 0.983313321630069 0.866517267976244 0.459327277845401 0.975738386178963 0.994777684253784 0.994777684253784 0.988541345090108 0.995042639811411 0.988243573141979 0.999543086899142 0.99815852219928 0.981535088035059 0.000206949893857581 0.925518721809969 0.711012110159036 0.558549323494402 0.618601657248932 0.000206949893857581 0.00451208178909783
"48" 48 0.876971272624308 0.997691856458895 0.964503972552451 0.930818456580075 0.957294796307553 0.966626430108698 0.973353475020863 0.204643889296884 0.967471867544074 0.951966545570737 0.83793540821842 0.83793540821842 0.969339086749585 0.991633783920293 0.954062555803493 0.996156502356234 0.930802644620834 0.944645335200273 0.000712463803762757 0.985083100872181 0.718816341000946 0.907945574875961 0.194571357714523 0.000712463803762757 0.00441887656592329
"49" 49 0.457024436940335 0.99298177809595 0.943427095953108 0.437931583606809 0.576220723397115 0.449044016894835 0.870312785794798 0.299699314545606 0.573941974809294 0.916702578229371 0.77335797699545 0.77335797699545 0.97032846063649 0.96077278318713 0.98724409741583 0.99798498370189 0.926330679119956 0.959483017302073 0.000819526772200446 0.65445393129548 0.497756839115789 0.848875291145064 0.264746179973629 0.000819526772200446 0.00438089288013411
"50" 50 0.795348890382504 0.967472026277311 0.855681329893842 0.560793670739316 0.40512980597372 0.484469022067645 0.876840051986941 0.854538681799524 0.785319181860761 0.805331895359696 0.991314019744563 0.991314019744563 0.905822258434485 0.963368524279831 0.900597822069841 0.995728278015114 0.972364111951296 0.847648399098745 0.000146551427106617 0.770936056267514 0.358383300120577 0.69068278251875 0.829873659398626 0.000146551427106617 0.00432265362704361
"51" 51 0.552196129227942 0.999082542273898 0.994846159040231 0.99966374307539 0.974310169022779 0.999849391157839 0.987049346148454 0.720035140915791 0.958282735055716 0.9672138037203 0.979150689942831 0.979150689942831 0.983231826287908 0.996224897849561 0.980464999135886 0.998909837682518 0.98695486936313 0.972020224522336 0.000587922285252791 0.599670661753748 0.807542105582007 0.956102844175925 0.905865068151741 0.000587922285252791 0.00428957709298518
"52" 52 0.828078490973355 0.993817029329813 0.962547639787045 0.864211162511124 0.835938202667221 0.321321089894878 0.896556013280093 0.944183675201895 0.20503793634064 0.918838902724706 0.844505395568114 0.844505395568114 0.968000136020957 0.968832943815626 0.978773564218533 0.999177311419483 0.953625521880444 0.953230408547063 0.00136122697675134 0.828550060735089 0.932062056731913 0.381921058734652 0.085700586445549 0.00136122697675134 0.0042667499449977
"53" 53 0.598892265820823 0.977674537074085 0.901279487838242 0.361699664708236 0.535887455732052 0.085250654600691 0.888591918561943 0.658978144695751 0.524989383309529 0.838899176749593 0.964462332190828 0.964462332190828 0.923549277715572 0.966805388349313 0.9216220161071 0.996956707703761 0.987933973532226 0.877116779951909 0.000390490375909109 0.945620714143536 0.989986287869112 0.929798923723841 0.35208691712711 0.000390490375909109 0.00421197956970085
"54" 54 0.208218961123934 0.983471284934551 0.877424976306545 0.742584059229992 0.833006515146243 0.856772234649141 0.985990848634748 0.508602051374627 0.966494368696961 0.862471971188207 0.796446383034643 0.796446383034643 0.924026678421978 0.996447813015474 0.902499119064451 0.993409131363422 0.900677063846927 0.869848113083492 0.00100072991400749 0.536995054884781 0.921458998186817 0.954053303875957 0.832127754799667 0.00100072991400749 0.00419018964013102
"55" 55 0.924060870498546 0.967363178660197 0.858500623325476 0.792372861486077 0.497045111129953 0.699622966473162 0.864151765760459 0.216990256256767 0.984893257011146 0.805362907607142 0.953917707977015 0.953917707977015 0.907545029367545 0.959457085739446 0.905468512791389 0.996362691027391 0.986518980679435 0.851660692986186 0.000451700137004162 0.829972308021511 0.0123104196209822 0.19021766081641 0.377704577860463 0.000451700137004162 0.00416511870993552
"56" 56 0.517425825890115 0.996670710385886 0.981599802500418 0.834057055068465 0.447871622104633 0.312524151416184 0.974624686221775 0.283283301481524 0.153517451470854 0.937543397239045 0.962268039998365 0.962268039998365 0.968131949550302 0.992593251658452 0.963030622188159 0.997955709917981 0.975892158856261 0.946905857959222 0.000212941088993416 0.507071010551567 0.869518252112551 0.588214629916916 0.0736226485323575 0.000212941088993416 0.00413793533121008
"57" 57 0.345452733868908 0.998669105422877 0.993954726810323 0.546968328707089 0.657471457738926 0.505684183726459 0.967586322385787 0.747473556934181 0.655588697196622 0.960857361197091 0.975613179319329 0.975613179319329 0.982242726492479 0.99032731613307 0.983114629114083 0.99953297664206 0.996933694531101 0.971936809002159 0.00762987676472061 0.441046101527348 0.96691606127689 0.840818862266063 0.591557688910985 0.00762987676472061 0.00406969019898565
"58" 58 0.812682789467301 0.99990312840065 0.995171907633504 0.999788406428288 0.999959934403353 0.933578716528336 0.975264022543775 0.0759421643374405 0.0362724015255861 0.997609944118973 0.923947866767718 0.923947866767718 0.995348739008467 0.992452264831496 0.988821917026041 0.998656471692531 0.970820615034019 0.989863928925357 0.00125133649402734 0.722017954627019 0.981373577562106 0.977311640437 0.783047180693849 0.00125133649402734 0.00404662129217244
"59" 59 0.951568630810381 0.9970662448307 0.98670220198534 0.902728163833225 0.919357881269298 0.93230291543323 0.951616996365292 0.377428927373901 0.235576535665008 0.941904157250977 0.963017338728532 0.963017338728532 0.973670214932637 0.98555578498815 0.97503043182638 0.999319679691873 0.99515261913829 0.958422951496803 0.003844568164069 0.987365480574921 0.948946917985679 0.936940208848609 0.30491788879028 0.003844568164069 0.0040308303368666
"60" 60 0.765391712865048 0.994767389748367 0.973406703245542 0.886475643208719 0.635168164999344 0.943002521825764 0.961142705717507 0.778631032935674 0.926840396029599 0.921670841529424 0.973055138243106 0.973055138243106 0.960952678458723 0.988566180950758 0.956281553675803 0.997780420881205 0.977468686631607 0.935609058395253 2.86166397402894e-05 0.811586714047222 0.882523171675861 0.890894793185905 0.484494151479018 2.86166397402894e-05 0.00398215017035431
"61" 61 0.758825221254261 0.994142097466051 0.970787485838049 0.61236484625859 0.526814805245878 0.645625991951289 0.957001334560636 0.363869112846127 0.338968278532092 0.917132563653254 0.976969914342656 0.976969914342656 0.958936001474691 0.987326863482144 0.954457914630915 0.997744234387468 0.978232406777758 0.932466803144538 4.51873829168944e-05 0.87686209419728 0.543660478211097 0.433513026169429 0.720013403121754 4.51873829168944e-05 0.00395984403057821
"62" 62 0.77867015996273 0.982802615947663 0.921858271923283 0.877955986363505 0.884442821478808 0.830675081899312 0.909309967792029 0.598957760513102 0.642959523182701 0.858361857838853 0.989804444392807 0.989804444392807 0.931904578210459 0.973059566250276 0.928437664668439 0.996972731913915 0.981462278938876 0.889775010204181 0.00698234641313172 0.909839254871574 0.461856764771664 0.952704128031095 0.307632143016987 0.00698234641313172 0.0039305185237874
"63" 63 0.702014442816204 0.984330914900752 0.91319265586243 0.577914564903486 0.65405413003699 0.507485855735314 0.843339053701722 0.78478678135494 0.439747727221297 0.869830888321336 0.777861544362557 0.777861544362557 0.947340880893842 0.952679863974702 0.96239838569699 0.999127348229947 0.935509382182548 0.921981894783917 0.000119458176470655 0.995222486238641 0.867236192718007 0.710558324544238 0.845855950983873 0.000119458176470655 0.00388180060390916
"64" 64 0.800844742994596 0.999341676209763 0.967600016583371 0.422532210738435 0.229650629359781 0.479273567566655 0.935434316203817 0.206637177444327 0.377863696247816 0.993894622375933 0.803267161697941 0.803267161697941 0.98792681427221 0.980283200412418 0.970905100581877 0.996497221362925 0.923978609488783 0.973658283310036 0.00032241404059554 0.797214268052567 0.928080503799862 0.918028708237309 0.134029368393172 0.00032241404059554 0.0038711816650593
"65" 65 0.982804133313504 0.99996495401078 0.9993775066358 0.993041099711639 0.998628380312325 0.992406760055781 0.995883508035999 0.170998911828393 0.890561280464271 0.994218997944258 0.977727828820248 0.977727828820248 0.996189529521062 0.998716250582734 0.994125626938108 0.999492864378301 0.990665347362022 0.993049455408051 1.4979395620915e-05 0.662909432412722 0.348064033343141 0.638292908966934 0.688576318885384 1.4979395620915e-05 0.00381392992048918
"66" 66 0.478244640202036 0.996858235994511 0.985810395915503 0.573960005228734 0.557680961981512 0.656962940536329 0.954119238427517 0.462960881340708 0.807995891812584 0.939665113703975 0.974298040640533 0.974298040640533 0.972070060990238 0.986330751593211 0.972405621469698 0.999078044355372 0.999775956662036 0.955441670748322 9.32692796946424e-06 0.919094564693337 0.597785593575194 0.122720693258912 0.862093396336366 9.32692796946424e-06 0.00379939916980684
"67" 67 0.328841550280086 0.995087618701615 0.95812418082353 0.751782846948877 0.613488690090641 0.822154906936595 0.888856876892032 0.24692747739297 0.211938124125578 0.930807994077176 0.801564603873175 0.801564603873175 0.975813663988148 0.966406485259441 0.990686686694575 0.998161673684114 0.935128678368736 0.967417387870149 0.00031979622023846 0.561773236567223 0.89399751068083 0.811116845413052 0.875152793748684 0.00031979622023846 0.00377048435391394
"68" 68 0.0977568194955098 0.999291347516876 0.996756838430819 0.0714021524443375 0.0764376103744088 0.124164839867573 0.975449751967781 0.0183522652943433 0.933304086909573 0.971490266752016 0.979498690271314 0.979498690271314 0.987194255782498 0.992668749713834 0.988061578261106 0.999706335609952 0.996729955374405 0.979859196708671 0.0522397763020503 0.945246060676536 0.60364205667079 0.424570971569462 0.874278818407842 0.0522397763020503 0.00375923517879028
"69" 69 0.537544297866638 0.996338796292301 0.974764537564322 0.947125236489803 0.874796973959868 0.939357385382011 0.986890215985947 0.128080227461415 0.761175436129379 0.934890739989909 0.921972378048844 0.921972378048844 0.964995553971649 0.996343972934722 0.95639482616484 0.997211681395279 0.960203086786493 0.940451867316998 0.00047538354573767 0.806719903376579 0.980552497696088 0.909367758634988 0.373309743678605 0.00047538354573767 0.00368939569997695
"70" 70 0.613111796257295 0.999566375205739 0.986579837829528 0.724460515615779 0.802088469643306 0.81599809578525 0.969868078843941 0.158627664898937 0.956197341691077 0.983434166996916 0.883270682470853 0.883270682470853 0.98663179765519 0.990734508034589 0.9762025900775 0.99764393597928 0.953111199402162 0.974303298026105 0.00876116156321878 0.574377257538712 0.883942669121943 0.639791338600893 0.23629912340665 0.00876116156321878 0.00366459597135652
"71" 71 0.367620379013449 0.996833065764762 0.969566015815118 0.0677747711610932 0.0626451458000129 0.121444867800058 0.905974556979207 0.294471668101714 0.527836097039118 0.945438304196976 0.82490057645039 0.82490057645039 0.981784323819856 0.971583611638328 0.995074168509076 0.998238116530304 0.941874489071703 0.976319760513967 0.00233228223146879 0.870060027405492 0.995557673758401 0.872056576480234 0.115135116446008 0.00233228223146879 0.00363040362903672
"72" 72 0.902923798356681 0.998954243212769 0.989309794727927 0.938462193210959 0.805467576204803 0.977654954108215 0.995532251581991 0.82907983298311 0.267839022346406 0.965995215954142 0.926450105300088 0.926450105300088 0.980218959084436 0.998463187787182 0.972943003785091 0.997988279209554 0.966799788947697 0.965341379121539 0.000318392036154948 0.922757435610688 0.241423220671632 0.227618438925553 0.204345164686953 0.000318392036154948 0.00360198785020111
"73" 73 0.66638190832499 0.998550322364686 0.989188494155493 0.922138149616059 0.942924257146349 0.916694052420356 0.994302272453274 0.33614319286008 0.481292297550703 0.959150557778247 0.943716749033349 0.943716749033349 0.97771205355874 0.998475958367189 0.971694904166828 0.998127642939248 0.972270690057539 0.961849439717411 0.00515480137198902 0.531822217895298 0.601114642985083 0.67116939086698 0.270708926972286 0.00515480137198902 0.0035786852354745
"74" 74 0.387516265358545 0.99473246848614 0.976282465426917 0.66437683598197 0.467251081146073 0.665511368455949 0.941169792249161 0.484366709326664 0.565651631588845 0.921858588971459 0.968463652207143 0.968463652207143 0.963727725396537 0.982471255564425 0.964012591715351 0.998775213501537 0.999620895401368 0.942082971175601 0.000142272716126354 0.893122912773592 0.555456014306004 0.989155375962082 0.309583639405342 0.000142272716126354 0.00356997107895796
"75" 75 0.120597578623813 0.999258365284377 0.963323126052129 0.617815432711394 0.576428248881174 0.780743182867999 0.927646881848382 0.690040044997999 0.999627336719716 0.998077175953763 0.788507284935331 0.788507284935331 0.989242391666989 0.977925009723992 0.971055554825656 0.996332877858553 0.918890466654246 0.975283388263953 0.00261934221464921 0.913458074401735 0.982586775309751 0.924078392713927 0.262354234854797 0.00261934221464921 0.00353271694131141
"76" 76 0.718593317907006 0.995057464397655 0.977047496054217 0.868478968623455 0.776016081543017 0.932792970318242 0.951375946304174 0.82985816828215 0.984080959062244 0.924017457822422 0.994316952421293 0.994316952421293 0.963585503113187 0.985575092429465 0.961747359056577 0.998386016792008 0.99018023527924 0.940981948708622 0.000127349424148282 0.833728931451581 0.976927429147085 0.971413333841159 0.549851056226507 0.000127349424148282 0.00350881019138722
"77" 77 0.906418775394614 0.995579781059894 0.966670319877509 0.705582627123497 0.719793332609199 0.805149058559933 0.991305632625465 0.844389373940746 0.68151584693106 0.928750600022478 0.8982975651185 0.8982975651185 0.960934339344965 0.997720855375757 0.950133000458524 0.99666973017254 0.950237519280942 0.933057046382631 2.01715867863177e-05 0.857862778968664 0.652231581145064 0.737083606871204 0.453616380714756 2.01715867863177e-05 0.00349611950474379
"78" 78 0.825037810595513 0.99914503162791 0.995580525117467 0.893143647134849 0.820278452348577 0.927602086503034 0.984615082530923 0.34591086078336 0.0955114153979636 0.968329634135367 0.988216520965823 0.988216520965823 0.984186595650596 0.995477566360333 0.982221952580582 0.99908849052314 0.990560046078552 0.973878666215851 0.000155320521274477 0.668462756054455 0.843695526018292 0.951476854356892 0.259100802370687 0.000155320521274477 0.00347088973777195
"79" 79 0.878091769788067 0.999924784146965 0.997771790097586 0.9992755082049 0.792177063383684 0.999610732891315 0.978299084033807 0.128546706774229 0.415673842529683 0.994543937177574 0.946691907987365 0.946691907987365 0.9998201717152 0.993417652327498 0.995825724835683 0.999219229164673 0.980681469872134 0.998493099152058 0.000181431046912086 0.881693091971695 0.866700040655985 0.944964481121631 0.961603579369733 0.000181431046912086 0.00340983003561263
"80" 80 0.900302461154865 0.999342590985432 0.98679588003047 0.966820957612705 0.445564833631868 0.982668328693311 0.943318628678761 0.153963567164053 0.987897417731354 0.979539153371202 0.872167893942526 0.872167893942526 0.996031700398903 0.982828331867069 0.993714191640199 0.998285935339151 0.954684236696224 0.997874257254132 7.65352938625774e-05 0.964625181568199 0.703590807157338 0.684808521722004 0.888241754435619 7.65352938625774e-05 0.0034017880350701
"81" 81 0.974684544593627 0.996985372523131 0.985912995585918 0.896572402994608 0.912827820135118 0.939785890617826 0.945392805424594 0.885636817689874 0.294511221153207 0.941476960494884 0.945682532312073 0.945682532312073 0.974261039703989 0.983658621148918 0.977078925786522 0.999604085360657 0.98865270580616 0.959968350355079 0.0143658088436244 0.977529881245606 0.332807765498143 0.997088446670259 0.880040062111546 0.0143658088436244 0.00338204927882191
"82" 82 0.336506170896292 0.997724850396805 0.986425100219755 0.399390334592015 0.493069100673066 0.567590011639542 0.93826583845629 0.688993876706389 0.92824252707586 0.950619127207156 0.908727587911431 0.908727587911431 0.980381093467797 0.981435228573741 0.986623240127419 0.999561539567573 0.973178825542272 0.971170441676341 0.000581519385500513 0.919972904991951 0.904253840078955 0.659807891856141 0.331055201377166 0.000581519385500513 0.00338040568469146
"83" 83 0.981865666484307 0.999095949629612 0.992065466014953 0.967078098663331 0.896305518429332 0.988714380271266 0.951929919992397 0.436094513306456 0.798834540616424 0.970378921392548 0.91321970524479 0.91321970524479 0.989710294570275 0.985503731442418 0.996174114584979 0.999193441162418 0.971777335108468 0.986192839208219 0.000592999304951989 0.984462270110356 0.568095666497316 0.995804067234165 0.685843022261797 0.000592999304951989 0.00335959215399781
"84" 84 0.92886731102484 0.997307167125923 0.980238853315526 0.99310845760622 0.987373525219615 0.99699217518852 0.923875664928526 0.392849075529549 0.764852087265337 0.947622513609507 0.872448280968307 0.872448280968307 0.980615788352095 0.977052872833837 0.989869447087423 0.999008838734622 0.959810227653644 0.972786733603625 0.00245852162142833 0.789852380213085 0.336349755345807 0.942432982256569 0.445443168958707 0.00245852162142833 0.00330269367132165
"85" 85 0.752232983507693 0.999554639660938 0.991391199547697 0.198807583989588 0.277530611143493 0.330366884952378 0.983159465717374 0.384760832024395 0.343454452830813 0.979790573163257 0.915161282957245 0.915161282957245 0.986351464726326 0.994765663581224 0.978534142689087 0.998106398566195 0.964682014300336 0.974931180246619 0.00997806399416546 0.590840374355228 0.321205940572285 0.958255054220581 0.552551719654013 0.00997806399416546 0.00329162133775949
"86" 86 0.38965601185902 0.998467634248691 0.991133871353782 0.960015040035142 0.848199124880706 0.981126267570511 0.984562750899417 0.426084597977023 0.458372877800014 0.957651177263415 0.969309524843543 0.969309524843543 0.97816549515449 0.995516929250283 0.974273228460494 0.99852794740148 0.981725692238842 0.963450264925399 0.00702031995747355 0.739711235146871 0.987841669052473 0.89743384926244 0.695239662045556 0.00702031995747355 0.00325685920912288
"87" 87 0.855837286807871 0.996486591422233 0.974140057405087 0.960336574563225 0.853715794857589 0.95667960255574 0.990764364972445 0.618718710235165 0.702671249336692 0.936393708786161 0.913445947926425 0.913445947926425 0.965328433498179 0.9975162990744 0.956048197665426 0.997100417404446 0.95720205620965 0.940704118369442 1.36702128947788e-05 0.85389789102891 0.326130513950024 0.905579346348202 0.491060108261965 1.36702128947788e-05 0.00324818464265941
"88" 88 0.750411655014768 0.998683650618033 0.99074787349906 0.944982056833349 0.777854383436041 0.979860365112984 0.992571284265485 0.561370526373065 0.995117138541438 0.960973901024909 0.951986384043212 0.951986384043212 0.978972467519894 0.997939258215792 0.973712553198344 0.998309008266666 0.975690667079195 0.964177811831093 0.00227156053662557 0.766962058896859 0.906619209470352 0.989592460387228 0.861073354977969 0.00227156053662557 0.00323345523216119
"89" 89 0.712113543913347 0.9990450921277 0.976832905863394 0.532594977611954 0.554686780965191 0.673736867925439 0.92716998471999 0.681018039568627 0.753490292209221 0.97763863740934 0.829234201438498 0.829234201438498 0.997122463486117 0.97790481701202 0.988978862405581 0.997588690099576 0.938491053436353 0.998877216400231 2.81368827688745e-05 0.711673708087155 0.26995175562727 0.19241170818208 0.40240039045897 2.81368827688745e-05 0.00320481883721439
"90" 90 0.855175617864674 0.998247985106459 0.990741539762497 0.543174595118917 0.334915129582721 0.66360254425575 0.979235908496929 0.618881469727637 0.914138198639416 0.954668476661289 0.979462246261844 0.979462246261844 0.977192326857802 0.993909509800168 0.974069424162474 0.998632829394958 0.985097349269625 0.962210376781862 0.0148766449290912 0.811660831315056 0.389043419731565 0.393441120729848 0.379221947537214 0.0148766449290912 0.00315246240076738
"91" 91 0.768716007749212 0.991988811127077 0.963567400509674 0.94510720172119 0.872736915343989 0.945236027053247 0.915284720135559 0.933693474980031 0.515742082366072 0.904317137534889 0.924501711196287 0.924501711196287 0.957252632555435 0.974649077061362 0.960728935224962 0.999124857477981 0.98648752989902 0.933049686495629 0.0172052409258827 0.503877681728244 0.4977090939667 0.108199780348478 0.24421788917683 0.0172052409258827 0.00311931326848603
"92" 92 0.779116784026343 0.996884689535825 0.980128844733438 0.965619137070393 0.25956121010966 0.990625133373299 0.983693403771234 0.202679857819411 0.840286709365215 0.939773904955662 0.939934088386102 0.939934088386102 0.968182513932441 0.995344769630633 0.961255323054144 0.997627064617135 0.967785268886836 0.946234901636098 0.00269952383189723 0.843271050159381 0.731322907314782 0.923191347182653 0.225739728982597 0.00269952383189723 0.00310134391546517
"93" 93 0.578328099916025 0.997942849392832 0.990245351809735 0.87069944851711 0.868832207105479 0.941794017301241 0.953685487708011 0.491597069213465 0.997038255020678 0.951746666906 0.951462626068541 0.951462626068541 0.978955271521746 0.986135796765578 0.981596875713013 0.999737321819692 0.989224497318248 0.967405627688011 0.00536471826297979 0.867251676261184 0.437636330166747 0.971179631698805 0.75637145582673 0.00536471826297979 0.00307291449002918
"94" 94 0.930032132280189 0.999818872662139 0.999046298864455 0.911586615342446 0.800921269212375 0.945753471538187 0.99321063504427 0.768051709204638 0.994963743511488 0.985422770463405 0.993731798213805 0.993731798213805 0.992683688038501 0.998007438443693 0.991707790306468 0.999566218752572 0.995335990840336 0.987885966077684 0.00525712519344242 0.813287807676666 0.970121049541442 0.920483933929445 0.7940017917518 0.00525712519344242 0.00306189422358027
"95" 95 0.456925985282495 0.989373677714502 0.949124146499948 0.706240693613268 0.774746111470545 0.845421993432295 0.937019459600732 0.773842329468929 0.969385572251753 0.888465979286868 0.983661370684531 0.983661370684531 0.94534399632991 0.981377730091828 0.940557566770313 0.997208521885582 0.976222308265427 0.910645568614852 0.0410033250765508 0.84055141347307 0.765656758535441 0.938189377191673 0.511180482039728 0.0410033250765508 0.00304634793448755
"96" 96 0.804263704514749 0.994942675204657 0.971834098016406 0.729647931415625 0.748400742713878 0.853663138542919 0.969632403635265 0.494230715152993 0.839063233494891 0.923042579897683 0.950841619465007 0.950841619465007 0.960595925914064 0.991147123542407 0.95408532718598 0.997434793265825 0.969278032818087 0.934282183981987 0.000204631007940565 0.765611237396006 0.949033117202933 0.40303154777836 0.539740139398836 0.000204631007940565 0.0030178868490328
"97" 97 0.936957752383991 0.999831148024299 0.994496417906763 0.921455475639584 0.95517964906604 0.963358031916899 0.966574134620402 0.994566309854936 0.982995629371002 0.992607281930869 0.916162402248877 0.916162402248877 0.999705862621408 0.989854448681122 0.992814255722644 0.998743837992543 0.969400860634273 0.996688384271566 0.0148372150571583 0.781862997509423 0.959903208055128 0.892254069735472 0.860538698817482 0.0148372150571583 0.00297931908510832
"98" 98 0.366248191239041 0.999410187288615 0.996975628942819 0.994520254200263 0.998733465653034 0.998411021436606 0.972462671777587 0.83191013611676 0.938126248205773 0.974405836930107 0.965617749736275 0.965617749736275 0.989238561130511 0.991743391506532 0.991371792434408 0.999992898414042 0.991017666981889 0.983652947897395 0.000355422784405326 0.724747142532681 0.323068459951349 0.834423571849761 0.587603010565309 0.000355422784405326 0.00296931957760634
"99" 99 0.630153636900146 0.997494718167772 0.988679272270127 0.990132903390339 0.997383111172191 0.997647106723327 0.958414488200019 0.740486033641014 0.379863729351843 0.946148914640293 0.975206092446271 0.975206092446271 0.975160602734218 0.987607181512041 0.975617488033822 0.999208749324391 0.999097132924112 0.960434870967852 0.0029259680500329 0.921222374771588 0.0398782448169879 0.998804318105266 0.885204874789293 0.0029259680500329 0.00292731712348938
"100" 100 0.793035510105981 0.988905889015619 0.947417919946301 0.987062329488777 0.955907942508125 0.993470514492292 0.933959828337936 0.0241916508779673 0.96834197706406 0.886064001861578 0.988255091223501 0.988255091223501 0.944387712139714 0.980455593783583 0.939916115279069 0.997231803192511 0.977577999796525 0.909249932432703 0.00129444649283267 0.903641500345651 8.15845405820431e-05 0.247659850231846 0.613405498370188 0.00129444649283267 0.00291812501446533
"101" 101 0.73780867438248 0.999532845504741 0.993230271202591 0.951168545835273 0.885599250231209 0.98487274089302 0.957531337054623 0.966438614089806 0.839162490718912 0.980733810592653 0.911061133423392 0.911061133423392 0.994804526889726 0.987158739611119 0.998231327472227 0.99892383727692 0.969328033468745 0.994553646116604 0.183181310276506 0.906431838377805 0.110038810788896 0.991901530249877 0.367716383649574 0.183181310276506 0.00287601830830781
"102" 102 0.617470233756627 0.994373728480282 0.973169580996009 0.995444118140813 0.997473783071386 0.998540784131006 0.921737144336151 0.967523921744623 0.661170863821364 0.920349490143279 0.914634992682297 0.914634992682297 0.965474778251281 0.976540279136891 0.970284180269687 0.99965527425469 0.980200946269622 0.946737692640716 0.000770398181965101 0.924863757659349 0.920414343027159 0.397227054999877 0.561781919998931 0.000770398181965101 0.00284993922627051
"103" 103 0.761451399427378 0.999682849039097 0.99645097480917 0.696164060991575 0.741139064904615 0.728762576700323 0.968387324806201 0.797087585854279 0.964052175007332 0.983163148306872 0.938191064775903 0.938191064775903 0.994724178877677 0.990456000181107 0.999453208329791 0.999330706245744 0.979248509736096 0.993503733523331 0.000528836763693957 0.680211886193631 0.979165508567843 0.438417013752766 0.801499985958138 0.000528836763693957 0.00283255076564013
"104" 104 0.948424775977235 0.99976791461792 0.993482646554835 0.999355710672188 0.98272388526996 0.999844650093925 0.962471708430153 0.0946423040771155 0.966641968736314 0.989985287727383 0.908947453961977 0.908947453961977 0.999363355172311 0.988617352636687 0.993209985411242 0.998679859957617 0.967069778608095 0.997957842370442 0.0407008855289276 0.928054155359787 0.77754448780422 0.966368089123456 0.740250717498008 0.0407008855289276 0.0027998975863716
"105" 105 0.822926286860628 0.993869351318861 0.969179540048575 0.985955179930994 0.960981886304287 0.992334325959267 0.912108655674025 0.469155461763075 0.771527735538143 0.917419378797982 0.891920006157955 0.891920006157955 0.965106354256665 0.973608389990377 0.971763585708649 0.999976572115939 0.972012747716327 0.946909202470036 0.0138548092034792 0.840073483463744 0.125862318556447 0.968019274676071 0.348461560076525 0.0138548092034792 0.00276905806956198
"106" 106 0.716875913818621 0.994943814352862 0.97053507137609 0.751216623006552 0.857538724400827 0.837724428676912 0.909114502028818 0.867692793841463 0.275090423223289 0.926249084941646 0.867617142446696 0.867617142446696 0.970508515655537 0.972645351818717 0.979520062845668 0.999407796071536 0.961329159754475 0.956516696442724 0.841068632985773 0.124395728778914 0.487959084154483 0.176912894348941 0.678091086091944 0.841068632985773 0.00265561382048474
"107" 107 0.560520685590855 0.980340101432195 0.904858716672154 0.135291279796487 0.244614462861501 0.244505734620345 0.844842691229553 0.996523243593265 0.982085933540235 0.852002707847409 0.813399598908977 0.813399598908977 0.936953364875287 0.953239370723916 0.948340243268132 0.999843706442631 0.952211686037405 0.903906495833978 1 0.000662998026702581 0.0098992228906559 0.00972208867219599 0.992916960249878 1 0.00241025967433517
"108" 108 0.192377560566606 0.999362017820272 0.991681668358859 0.999767424210847 0.999974829439322 0.999896935266448 0.990633467727173 0.999999886298807 0.931788469763499 0.974091924535003 0.926662130886275 0.926662130886275 0.98413414644754 0.99701294302956 0.977122380983949 0.998173980873736 0.968153684578732 0.971714830225844 1 0.0209817431221477 0.758706371039978 0.719300229908463 0.976477682680159 1 0.00226787387494925
"109" 109 0.950737116372647 0.998304025917938 0.991822094742397 0.999490986666186 0.999933389722972 0.99993510927129 0.974175583419555 1 0.450118743626574 0.955429030780281 0.995532075725548 0.995532075725548 0.978297489806873 0.992363658233164 0.976559001001035 0.998922116111776 0.991295733778601 0.96454874717882 1 0.317333300834867 0.932924002752426 0.804323890160836 0.952649298564301 1 0.00199151781699894
"110" 110 0.928370611134702 0.997947689470647 0.98558468062042 0.999933490757894 0.999992645694731 0.999995601078047 0.935162121047357 1 0.676140700176113 0.954004204299227 0.893745291470936 0.893745291470936 0.982708930704126 0.980469652202044 0.990334062725321 0.999229673668455 0.966939385127516 0.975465454020084 1 0.465414912619626 0.8420185111946 0.77506535412005 0.858172402884704 1 0.00194726684881755
"111" 111 0.298243600189621 0.999954877445175 0.997913393530799 0.998618086439937 0.999739386193908 0.999769438500514 0.984939559153899 0.999999999998375 0.44510807981912 0.996994575421415 0.950896410102971 0.950896410102971 0.996293852272049 0.995396973366198 0.992038695538916 0.999100405930545 0.980944026109061 0.99231321944829 1 0.0415985739125292 0.693417810141595 0.55411935431916 0.968149555779579 1 0.00178467435592955
"112" 112 0.352303454494388 0.998854521509247 0.993290758729323 0.999943866770873 0.999994895237323 0.999996117887671 0.956847101532188 1 0.0299684957753037 0.964874749820318 0.937253429017703 0.937253429017703 0.985945927193626 0.987032147160255 0.99019592758499 0.999726026094172 0.981770293909724 0.979255268139433 1 0.0815066322942169 0.839675899473276 0.716819404634555 0.872118683546034 1 0.00153392781777026
"113" 113 0.0393104939959868 0.360804128705953 0.98907779916647 0.433547117068561 0.461523576459265 0.00281832502333082 1.34504641002754e-07 0.00168675432069646 0.051544266517081 2.4475927532587e-05 0.931877586133844 0.931877586133844 0.00132307123900862 0.426448446296786 0.676717327545576 0.24388832439282 2.00673487592987e-10 4.57828648037596e-05 0.00115554744905624 0.10025117941633 0.824178753307569 0.395510515180504 0.716082383205794 0.00115554744905624 2.20212897319339e-29
"114" 114 0.345789359349288 0.430691013049336 0.920927870869634 0.221609779509536 0.357972830842881 0.210223780412803 0.004590165516657 0.07234370880731 0.633141028294585 0.587054129495624 0.753028809745367 0.753028809745367 0.00851247455386507 0.0261095033685039 1.42436672103594e-10 0.000122016313857227 0.00552473286746896 1.13224989370267e-07 0.00772096451641916 0.239026061402514 0.291107188572417 0.964966254828669 0.245346705762554 0.00772096451641916 2.28092766618989e-30
"115" 115 0.553200656710908 0.594801229453745 0.521821184139147 0.0258291168486813 0.0581127359242631 0.0354243688728708 9.5459710613731e-06 0.629434480828599 0.78145687827917 2.50920530067549e-06 0.29070836005787 0.29070836005787 0.00524460422775655 0.564156916480046 0.582874555700717 0.0472019732155675 0.00573001844317567 0.0201640710559633 0.00635399786860693 0.212293283361921 0.364482654410694 0.462118653070838 0.00311382637591478 0.00635399786860693 1.61036101689219e-30
"116" 116 0.667247662076953 0.23181420112516 0.0507531260699816 0.0434670184247903 0.0888032168390474 0.0395697430024305 0.532598290243637 0.00123776110755672 0.468603364964843 0.51120214605384 0.0345919642755493 0.0345919642755493 0.108969475347708 0.114428619298946 4.29236979593609e-08 9.71467878951659e-05 0.00623462625945629 4.939042277028e-07 0.00732337073724417 0.0881200006201835 0.109677067017388 0.539417387308133 0.0400611053382916 0.00732337073724417 1.23669739845462e-30
"117" 117 0.0666662972119622 0.280218074528153 0.000231330612855152 0.024199913163196 0.0483939200427194 0.000818391519656688 0.0027824018039682 0.000294510171185072 0.976534226051721 0.974639329255782 4.50384207269568e-05 4.50384207269568e-05 0.0687556374488208 0.519040528739037 0.593327302279203 0.00114952676386765 0.500273613235545 0.642438074495286 0.0277360326860544 0.635724116019105 0.00311516514912751 0.00194493672917723 0.158647010944014 0.0277360326860544 1.64802731563339e-31
"118" 118 0.0116436682558651 0.00241800387731416 0.993253228698079 0.0441746406314451 0.078125152931766 0.00927643533797386 0.936380960231547 0.242275715810085 0.32357165590241 0.51491849803068 0.920242605242133 0.920242605242133 0.170205781531044 0.947626808476985 0.096601905710331 0.267988561731718 0.584881119590263 0.66443951964752 0.697141853049049 0.478141246445405 0.000466541706667107 0.00222573229310484 0.272093419547347 0.697141853049049 1.38806107470031e-31
"119" 119 0.104205744101759 0.373753956647632 0.196071793752172 0.173835764213753 0.234646638209968 0.000300802811183515 0.896358558467828 0.00034230594929668 0.159860828477077 0.532493653879586 0.754048931572974 0.754048931572974 0.0146083902387745 0.0100991676265807 0.000179974769452515 0.25402881676631 0.814763615385213 0.0126977090337712 0.0810753684880096 0.945322685865846 0.000711505148344917 0.0683967489729485 0.937470566669038 0.0810753684880096 1.23068615020333e-31
"120" 120 0.795723493451191 0.0541897596245708 0.0129729248764625 0.197660550195404 0.316504744295763 0.177572006056572 0.70081228672027 0.9712674924163 0.266251408134111 0.655904070951437 0.00317982158589158 0.00317982158589158 0.143224617510239 0.345179269492034 0.237112502266169 0.872480625133441 0.73688366111946 0.916480941295964 0.483945005225033 0.184449099518555 0.369208279252565 0.219707175805084 0.537606227420545 0.483945005225033 1.14225519050244e-31
"121" 121 0.462653446161506 0.0530083489584622 0.058002119567254 0.196872425426203 0.288980290204317 0.0738971343199984 0.20113202865088 0.435369338082388 0.161333239027594 0.233903572798886 0.0225053661140308 0.0225053661140308 0.71640392210681 0.0749850072104553 0.0751990826415336 0.629665957667298 0.589254615192724 0.0377993678984901 0.304657006062478 0.798197681494434 0.398455707038564 0.508437193322462 0.529520046614324 0.304657006062478 1.11031405990881e-31
"122" 122 0.386501173899227 0.501739753584701 0.26291033916171 0.348336538323297 0.324592702890542 0.117965865721447 0.974419872979824 0.422793512297891 0.970960110990348 0.0627377585073935 0.217775696243318 0.217775696243318 0.054786047489719 0.0760385068866857 0.828210357846449 0.959843788171175 0.115922825600052 0.483565696643302 0.114149682510286 0.252016833260009 2.88545715388046e-05 0.309175027163201 0.818992636546837 0.114149682510286 1.01913562049867e-31
"123" 123 0.00547016639247692 0.00651835049132096 0.100865031712639 0.0640533258871705 0.0765183138296487 0.0729181766330939 0.372972681187624 0.990664588393642 0.0228443608786173 0.697181919158485 0.14786686579154 0.14786686579154 0.199254095189755 0.00385018254892034 0.513659687890478 0.671162373209603 0.208374966941468 0.624414597176207 0.184187417169737 0.262225541242437 0.341481986632627 0.303996988551565 0.659931829263874 0.184187417169737 8.91415234311072e-32
