Sample	Initial Reads	Post Trimming	Post Mapping	Post Feature Counts
MPI-025	32073022	31303138	27170800	11852825
MPI-048	29036035	28286288	24968213	9201877
MPI-051	35318494	34171959	28193304	10185341
MPI-061	32144486	31338349	27858115	10031196
MPI-065	34524126	33640667	29672679	11353077
MPI-242	32406281	31351202	28182526	12440925
MPI-296	37379616	36546520	32505571	14759909
MPI-318	33902414	33192705	28682998	13304365
MPI-333	30200754	29507229	23635927	12221526
MPI-335	36224904	35493858	26293038	12012653
MPI-336	45104681	44491238	37231464	19221088
MPI-369	34761321	33858910	29531657	15366394
MPI-376	33156137	32460293	27510286	14585099
MPI-379	33254857	32202745	28131144	14467641
MPI-381	35304818	34208432	29501145	16950588
MPI-383	30374735	29642622	25996980	14005343
MPI-389	33166615	32566055	24588888	15150455
MTW-MDB-001	35160731	34225793	28078224	15993516
MTW-MDB-002	35616252	34772026	30485369	13563513
MTW-MDB-009	35874454	35083919	30908574	14107771
MTW-MDB-011	31943703	31093528	26987013	12902636
MTW-MDB-014	35711506	34953641	29866792	13053255
MTW-MDB-015	34432180	33693579	29252763	12383533
MTW-MDB-016	30910117	30022508	25077043	12186986
MTW-MDB-019	40457898	39411145	33517856	17288224
MTW-MDB-020	33959319	33318695	27268133	12367711
MTW-MDB-024	36050328	35209135	27436715	15020932
MTW-MDB-025	36141580	35370870	30624756	15931643
MTW-MDB-026	32572593	31707105	27992795	13940359
MTW-MDB-028	32030573	31148934	24480860	12061994
MTW-MDB-032	38194431	37318650	33543634	14389580
MTW-MDB-034	37980061	36849611	25949789	10469970
MTW-MDB-035	34413137	33591282	27498000	13689393
MTW-TLL-007	32392456	31626617	28559619	13556176
MTW-TLL-008	27897857	27073547	23521823	11612602
MTW-TLL-016	31232921	30281079	26362247	14888633
MTW-TLL-017	31420515	30815080	26584871	13156839
MTW-TLL-019	37365441	36502217	30093941	18029198
MTW-TLL-020	34798020	34389572	28666986	14788507
MTW-TLL-022	29780284	29087395	25026518	12394500
MTW-TLL-023	30327633	29188643	24780600	12863198
MTW-TLL-024	32803137	31905198	26160321	14822573
MTW-TLL-025	32787262	32157487	26508556	16523696
MTW-TLL-026	28663948	28073548	24473086	12838682
MTW-TLL-029	34573026	33659804	29245129	15586120
MTW-TLL-034	34955989	34163565	26553048	12937393
MTW-TLL-038	33970689	32616865	27181550	17008079
MTW-TLL-039	30365727	29727100	26148202	12921728
MTW-TLL-043	30999586	30126998	25338450	14035763
SMB-ANK-004	34368807	33712100	29264290	14712078
SMB-ANK-005	35146769	34400796	28602710	15830275
SMB-ANK-006	31738572	30864024	25772887	14854379
SMB-ANK-007	36276647	35234853	30332019	17520705
SMB-ANK-009	38142099	37235372	33560895	18008099
SMB-ANK-011	30758048	30191638	25863768	14401624
SMB-ANK-013	38080163	37266165	28340840	15833882
SMB-ANK-015	33948822	33223592	29478163	15260296
SMB-ANK-019	32904486	32188933	26103992	14043051
SMB-ANK-024	29957201	29316186	25947231	13211476
SMB-ANK-026	31946908	31323749	26757511	14303419
SMB-ANK-027	35212173	34523612	28475255	15880995
SMB-ANK-028	34283596	33175574	26274089	15238432
SMB-ANK-029	31282610	30679354	26076999	15033090
SMB-ANK-030	30958179	30026916	26257293	13600043
SMB-WNG-002	35341598	34551417	29554153	15653180
SMB-WNG-003	38191581	37246625	31699847	19413856
SMB-WNG-004	32635330	31984500	26139846	16282387
SMB-WNG-006	34427713	33774838	27885004	15610117
SMB-WNG-007	30550705	29580131	24857799	14624844
SMB-WNG-009	32742796	31775345	26876156	13915360
SMB-WNG-012	28449928	27248383	22465300	13085274
SMB-WNG-014	32726426	32382643	26234645	14929956
SMB-WNG-017	30581060	29856922	25468483	14136038
SMB-WNG-018	29546542	28753647	19858744	11288135
SMB-WNG-020	33421386	32533095	27156040	14520767
SMB-WNG-021	39204779	38232260	31997100	18170956
SMB-WNG-022	31122918	30008416	25390296	15314573
SMB-WNG-023	33900001	33045154	22851270	12899026
SMB-WNG-028	37345054	36363866	31985890	16536498
MPI-334	37975942	37019059	33373440	17949419
MPI-345	39803689	38375892	33993173	18056497
MPI-378	35832861	27184265	23128769	13214473
MTW-MDB-003	38682873	37260187	32087990	18110026
MTW-TLL-002	41411639	40275997	35164343	19291979
MTW-TLL-006	41389229	40051059	35062761	19819347
MTW-TLL-010	39573904	38100831	33651520	18246412
MTW-TLL-011	35965976	34221866	29797701	17419259
MTW-TLL-012	43076162	33145849	29764584	17087363
MTW-TLL-013	45043750	44108549	39247685	22933685
MTW-TLL-021	40718082	31067734	27279347	15207393
MTW-TLL-027	39256595	30500317	27137589	15496405
MTW-TLL-030	41322345	39912433	35947435	20582209
MTW-TLL-032	38084427	36985693	31470457	15980278
MTW-TLL-035	38117028	28944289	25873780	15051401
MTW-TLL-037	39584469	38534747	34838115	20228380
MTW-TLL-040	39216251	30207487	27749012	16704787
MTW-TLL-041	33709651	32591822	29106246	18732878
MTW-TLL-042	42575565	40939772	34451108	18579827
SMB-ANK-003	40925224	39832762	34347098	19972536
SMB-ANK-016	44771301	42890391	37964218	21612461
SMB-ANK-027	36232964	27984718	25145488	14931774
SMB-WNG-001	40397118	38862717	33406117	18787414
MPI-336	33785983	33772732	30677122	16912548
MTW-TLL013	33936245	33881380	30627195	17471836
SMB-ANK016	34956310	34848858	32319330	17557390
SMB-ANK027	33622174	33565247	29697025	17077991
SMB-BKB008	32642493	32627626	30399447	14390057
SMB-HPM006	33111379	33093600	29017309	13910892
SMB-HPM016	32458307	32443933	26181083	13882559
SMB-HPM018	34430391	34376794	29450481	16347064
SMB-HPM021	33071104	33059167	30351914	18202636
SMB-HPM027	34271996	34256673	31431672	16327011
SMB-PDT001	35056844	35040106	31745282	17109617
SMB-PDT007	36180646	36164366	33184689	17737284
SMB-PDT036	33016470	32959567	30847930	15972001
SMB-PTB028	34067234	34053242	30291924	18432455
SMB-RIN003	35943919	35928817	32284244	18387618
SMB-RIN009	34027666	33972976	28738861	17636565
SMB-RIN014	35945351	35930526	32636774	18210722
SMB-RIN016	35296477	35283252	30890891	18311451
SMB-RIN019	32664625	32651789	30090423	15942216
SMB-WHB024	32575947	32560920	30055897	14783644
SMB-WNG021	32744172	32731349	29906009	17326194
Median	34368807	33318695	28602710	15150455
Mean	34851888.82	33628689.5	28879430.82	15402144.47